Poligonal,Ponto,Longitude,Latitude,Distância em km (em relação ao anterior)
1,1,-119.1677474976,45.7602005005,
1,2,-119.2582702637,45.8506965637,12.2675472612
1,3,-119.2881317139,45.8826904297,4.2428901504
1,4,-119.318321228,45.9046058655,3.3759641889
1,5,-119.3346328735,45.9221763611,2.3258521356
1,6,-119.3382568359,45.9256248474,0.4749842558
1,7,-119.3502044678,45.9370155334,1.5678122323
1,8,-119.3661346436,45.943145752,1.4078429776
1,9,-119.3665390015,45.9545822144,1.2720608136
1,10,-119.2603988647,46.0287246704,11.6277253676
1,11,-119.2185440063,46.1489334106,13.7508033181
1,12,-119.2351531982,46.1743125916,3.0984183292
1,13,-119.3024368286,46.201587677,6.0020929938
1,14,-119.4196624756,46.2270431519,9.4533678602
1,15,-119.5153045654,46.2358512878,7.4215799016
1,16,-119.5711135864,46.2338943481,4.2980039988
1,17,-119.6725540161,46.206287384,8.3863130585
1,18,-119.7209701538,46.2012023926,3.7686458872
1,19,-119.7524871826,46.2005691528,2.4266217618
1,20,-119.8018569946,46.1871948242,4.0806998959
1,21,-119.8946990967,46.2219085693,8.1208160494
1,22,-120.0884780884,46.2611885071,15.5293671911
1,23,-120.3138580322,46.4007492065,23.2436290314
1,24,-120.4322891235,46.4725723267,12.0890785706
1,25,-120.4569778442,46.5155181885,5.1357450304
1,26,-120.4526519775,46.5463638306,3.4458057659
1,27,-120.4625778198,46.5718002319,2.9284448042
1,28,-120.4773101807,46.5879440308,2.1190199152
1,29,-120.5044174194,46.6253356934,4.644892611
1,30,-120.4997406006,46.6493110657,2.6897454864
1,31,-120.4593505859,46.6742019653,4.1425828458
1,32,-120.4220504761,46.6824798584,2.9907946205
1,33,-120.3616943359,46.7321624756,7.1902001041
1,34,-120.3569564819,46.7561454773,2.6911127278
1,35,-120.3642654419,46.7954406738,4.4047344662
1,36,-120.4026412964,46.8578491211,7.528682897
1,37,-120.4370727539,46.8941879272,4.8142161833
1,38,-120.5177536011,46.9371566772,7.7705556714
1,39,-120.5314712524,46.9698753357,3.78420156
2,1,-119.1677474976,45.7602005005,
2,2,-119.2142105103,45.7640228271,3.6292909805
2,3,-119.3386993408,45.7774925232,9.7710637808
2,4,-119.6111755371,45.8164482117,21.5633801963
2,5,-119.6657180786,45.8245391846,4.3213396773
2,6,-119.8564300537,45.807384491,14.9025700216
2,7,-120.0427703857,45.7680892944,15.0947401778
2,8,-120.127571106,45.7524337769,6.8049724136
2,9,-120.1930160522,45.7014846802,7.6093358758
2,10,-120.3965377808,45.6759414673,16.0618536938
2,11,-120.4921722412,45.6716766357,7.4455902855
2,12,-120.5326385498,45.6848144531,3.4666803605
2,13,-120.5735015869,45.7171478271,4.7954725046
2,14,-120.6207427979,45.7218399048,3.7044092958
2,15,-120.6804046631,45.6913986206,5.7376429984
2,16,-120.8035507202,45.6545906067,10.4067951198
2,17,-120.9018630981,45.6188430786,8.6153800076
2,18,-120.9658584595,45.6320838928,5.1897408866
2,19,-121.053352356,45.6345252991,6.808311359
2,20,-121.0750274658,45.6265525818,1.9043233351
2,21,-121.1172409058,45.5923233032,5.0267950683
2,22,-121.1531677246,45.583442688,2.9649472055
2,23,-121.1916427612,45.5840873718,2.9950438882
2,24,-121.2091445923,45.5931510925,1.6942597939
2,25,-121.2281951904,45.6470184326,6.1702920025
2,26,-121.2730026245,45.6543083191,3.5759111082
2,27,-121.306098938,45.6720275879,3.2399123996
2,28,-121.3441848755,45.6758460999,2.9894483992
2,29,-121.3625030518,45.6866989136,1.8658622172
2,30,-121.4023284912,45.6771697998,3.2702676134
2,31,-121.4184875488,45.6748161316,1.2824438996
2,32,-121.5048904419,45.6985168457,7.2105355917
2,33,-121.5722351074,45.6907691956,5.3009761814
2,34,-121.6925888062,45.6669578552,9.7178744635
2,35,-121.8092422485,45.6743087769,9.1008707071
2,36,-121.8604049683,45.660118103,4.2773314099
2,37,-121.8884277344,45.6330108643,3.7189329679
2,38,-121.9816741943,45.5980186462,8.2303066986
2,39,-122.0582962036,45.5855560303,6.1209229443
2,40,-122.0966796875,45.5676345825,3.5910947164
2,41,-122.151763916,45.5637130737,4.3102332872
2,42,-122.2223358154,45.53307724,6.4656617892
2,43,-122.3217773438,45.5305671692,7.7508744485
2,44,-122.3975067139,45.5408401489,6.0080104435
2,45,-122.4699401855,45.5264778137,5.8635855837
2,46,-122.5302658081,45.5313491821,4.7303321798
2,47,-122.5526428223,45.5185241699,2.2522365331
2,48,-122.5740203857,45.5171852112,1.6722277208
2,49,-122.6340408325,45.5183601379,4.6781945137
2,50,-122.6474914551,45.5388565063,2.5084049419
2,51,-122.6717910767,45.5488319397,2.1935034127
3,1,-93.2910385132,45.0681304932,2285.3702312023
3,2,-93.2964324951,45.0149765015,5.9256289181
3,3,-93.2927017212,44.9945220947,2.2932614207
3,4,-93.2957458496,44.9683952332,2.9150238391
3,5,-93.2843551636,44.9609489441,1.220113334
3,6,-93.2673187256,44.9678230286,1.5429815821
4,1,-93.2673187256,44.9678230286,9.49352979660034E-005
4,2,-93.2033233643,44.9659538269,5.0389385539
4,3,-93.1853942871,44.9449729919,2.7263653623
4,4,-93.1743240356,44.9429969788,0.898546332
4,5,-93.09375,44.9561386108,6.5070452514
5,1,-93.3029556274,44.8562736511,19.8688004097
5,2,-93.3049087524,44.8795166016,2.5890775526
5,3,-93.2796783447,44.9007835388,3.0891179475
5,4,-93.2673187256,44.9678230286,7.5176721417
6,1,-93.4337615967,45.0882492065,18.7192614797
6,2,-93.4562911987,45.0537719727,4.2222487201
6,3,-93.4648132324,45.0119361877,4.6998818688
6,4,-93.4643478394,44.9712867737,4.5201567757
6,5,-93.4577484131,44.9248771667,5.1865815855
6,6,-93.4421157837,44.878288269,5.3247565229
6,7,-93.4220199585,44.8651733398,2.1527824385
6,8,-93.3029556274,44.8562736511,9.4363953002
7,1,-93.09375,44.9561386108,19.8688004097
7,2,-93.1367950439,44.9170684814,5.5094397802
7,3,-93.1541137695,44.8558540344,6.9421370972
7,4,-93.2173919678,44.7769317627,10.0958748527
7,5,-93.2828598022,44.7394828796,6.63781027
8,1,-93.3029556274,44.8562736511,13.0829843853
8,2,-93.2839660645,44.8280410767,3.4780617895
8,3,-93.2861938477,44.7759170532,5.7985915167
8,4,-93.2828598022,44.7394828796,4.0598392156
9,1,-106.6557388306,44.3819351196,1059.0487670886
9,2,-106.6912460327,44.3903388977,2.9722777246
9,3,-106.7063674927,44.3845596313,1.3626420082
9,4,-106.7657318115,44.4444618225,8.1607853319
9,5,-106.8253173828,44.5225868225,9.8899353543
9,6,-106.8255081177,44.5577163696,3.9062566645
9,7,-106.833442688,44.5940551758,4.0892734196
9,8,-106.9153518677,44.7082061768,14.2511182662
9,9,-106.9250564575,44.7691612244,6.8210967504
9,10,-106.9322433472,44.8160247803,5.2417594246
9,11,-106.9631652832,44.831325531,2.9735830219
9,12,-106.9908294678,44.8453178406,2.6793081898
9,13,-107.0092086792,44.881893158,4.3172504675
9,14,-107.0264892578,44.907989502,3.2051846628
9,15,-107.0443267822,44.9176330566,1.7671632913
9,16,-107.1110153198,44.9238624573,5.296238355
9,17,-107.1613388062,44.9245147705,3.962664793
9,18,-107.1840515137,44.9276313782,1.8214000176
9,19,-107.2276535034,44.9494247437,4.2012809698
9,20,-107.3048095703,44.9575920105,6.1389910676
9,21,-107.3344345093,44.9956855774,4.8344813958
9,22,-107.3356933594,45.0008125305,0.5786202832
9,23,-107.3546981812,45.0783309937,8.7480478338
9,24,-107.3784103394,45.1257095337,5.587318852
9,25,-107.3736572266,45.1984901428,8.1014102195
9,26,-107.3810653687,45.2426376343,4.9431491925
9,27,-107.3594589233,45.3286590576,9.7133570305
9,28,-107.3767547607,45.3885765076,6.7981866651
9,29,-107.3822937012,45.4981918335,12.1963257888
9,30,-107.435836792,45.5782623291,9.831659803
9,31,-107.4795455933,45.6672782898,10.4655080761
9,32,-107.564994812,45.7410240173,10.5485774853
9,33,-107.6104431152,45.7485160828,3.623758466
9,34,-107.812828064,45.748462677,15.703623713
9,35,-107.8403167725,45.7609596252,2.545455917
9,36,-107.9003829956,45.7830543518,5.2668665413
9,37,-108.2327957153,45.7913894653,25.7915889549
9,38,-108.3060684204,45.8128929138,6.16273541
9,39,-108.4005584717,45.8281745911,7.5168659464
10,1,-93.3219604492,43.6829299927,1212.3433030713
10,2,-93.3122634888,43.7807388306,10.9037184999
10,3,-93.280128479,43.8769035339,10.9993545625
10,4,-93.2782745361,43.92345047,5.1779141906
10,5,-93.2569274902,43.9974517822,8.4040919658
10,6,-93.258972168,44.0922279358,10.5398944832
10,7,-93.2736663818,44.1962394714,11.6248347059
10,8,-93.3141174316,44.2803840637,9.895852278
10,9,-93.3160705566,44.314994812,3.8516773393
10,10,-93.302772522,44.3514137268,4.1854426477
10,11,-93.30052948,44.471031189,13.3020481482
10,12,-93.3082427979,44.6533813477,20.2856188733
10,13,-93.2896728516,44.7004776001,5.4388106594
10,14,-93.2828598022,44.7394828796,4.3704663422
11,1,-93.3219604492,43.6829299927,117.5246419469
11,2,-93.2159194946,43.6659088135,8.735791428
11,3,-93.1793518066,43.6555671692,3.1583909077
11,4,-93.0483932495,43.6569366455,10.5365729425
11,5,-92.9871063232,43.6849136353,5.82883454
11,6,-92.9372634888,43.6757392883,4.135976913
11,7,-92.8756637573,43.6718635559,4.9728920201
11,8,-92.7605438232,43.6729812622,9.2596125866
11,9,-92.7300720215,43.6846427917,2.772435587
11,10,-92.6977844238,43.7122802734,4.0226568605
11,11,-92.5156173706,43.8751106262,23.272584757
11,12,-92.4924621582,43.8829269409,2.0493196964
11,13,-92.3959960938,43.9133262634,8.4360868594
11,14,-92.3665542603,43.9536132813,5.0622230152
11,15,-92.0932312012,43.951499939,21.8810003071
11,16,-92.0324859619,43.9412879944,4.9940205138
11,17,-91.7391738892,43.9283370972,23.5309899924
11,18,-91.658493042,43.9479026794,6.8166428152
11,19,-91.6218490601,43.9138679504,4.7888794338
11,20,-91.5367507935,43.9138374329,6.8166256429
11,21,-91.4227676392,43.9260253906,9.2294996664
11,22,-91.3840484619,43.9042510986,3.9346137256
11,23,-91.3670043945,43.8849105835,2.5475748434
11,24,-91.3391647339,43.8625183105,3.3435644894
11,25,-91.3129043579,43.8533172607,2.3409248451
11,26,-91.2990722656,43.8561592102,1.153233453
11,27,-91.2321243286,43.869884491,5.5800737838
11,28,-91.1839675903,43.8727836609,3.8736908403
11,29,-91.1292495728,43.8661804199,4.4473727357
11,30,-91.0712509155,43.8823699951,4.9853273117
11,31,-90.9803161621,43.8738479614,7.3498611578
11,32,-90.8186187744,43.9133644104,13.6816427548
11,33,-90.7851638794,43.9237174988,2.9164500299
11,34,-90.7713928223,43.9343261719,1.6148510078
11,35,-90.7487945557,43.9486618042,2.4113756818
11,36,-90.5815963745,43.9401130676,13.4199055865
11,37,-90.5048904419,43.9498252869,6.2353941032
11,38,-90.4524917603,43.9734458923,4.948475917
11,39,-90.4411468506,43.9803581238,1.1894748972
12,1,-96.774810791,43.6078147888,509.9233269404
12,2,-96.7757568359,43.634803772,3.0020040471
12,3,-96.7932662964,43.6732025146,4.4961178723
12,4,-96.7862548828,43.8175735474,16.0632035208
12,5,-96.7704544067,43.8646621704,5.3871780404
12,6,-96.7630081177,43.9766273499,12.4642367062
12,7,-96.7605514526,44.3110198975,37.1832715034
12,8,-96.7597351074,44.5643043518,28.1640208978
12,9,-96.8274841309,44.6768302917,13.6128407957
12,10,-96.8900985718,44.7424049377,8.8119344737
12,11,-97.0295181274,44.839881897,15.4442935799
12,12,-97.0465316772,44.8563270569,2.2677798341
12,13,-97.0571060181,44.8852462769,3.3218854644
12,14,-97.0669174194,44.9278564453,4.8006279969
12,15,-97.0684280396,45.0886039734,17.8747041055
12,16,-97.07472229,45.1782150269,9.9765197624
12,17,-97.063583374,45.2106132507,3.7067485875
12,18,-97.0629882813,45.3227996826,12.474648998
12,19,-97.0642547607,45.354473114,3.5233157179
12,20,-97.0355911255,45.3923950195,4.7742886425
12,21,-97.0288619995,45.4007568359,1.0679758161
12,22,-96.9958572388,45.4796981812,9.1477839495
12,23,-96.9895095825,45.6145896912,15.0073943685
12,24,-96.9887008667,45.6594772339,4.9916630328
12,25,-96.8646850586,45.8474617004,23.0111338394
12,26,-96.8455734253,45.9355506897,9.9060980905
12,27,-96.841255188,45.9554367065,2.2362889181
12,28,-96.8412399292,46.0467758179,10.1564458526
12,29,-96.8460617065,46.2577972412,23.4674510905
12,30,-96.8623733521,46.6258468628,40.9443311548
12,31,-96.8564910889,46.8449554443,24.3678864154
13,1,-96.774810791,43.6078147888,360.0103918257
13,2,-97.0063323975,43.599773407,18.6633508691
13,3,-97.0573501587,43.6152534485,4.4537282261
13,4,-97.0851821899,43.6345176697,3.0995377528
13,5,-97.1122360229,43.6491699219,2.7191339513
13,6,-97.1679611206,43.6625709534,4.7242175983
13,7,-97.3940124512,43.6658782959,18.1868821528
13,8,-97.785369873,43.6639175415,31.480471451
13,9,-97.8436965942,43.6849021912,5.2392036011
13,10,-98.0268630981,43.6855697632,14.7286157969
13,11,-98.4417800903,43.6891098022,33.364622351
13,12,-98.4960098267,43.700504303,4.5402894089
13,13,-98.6864547729,43.7051124573,15.3177745458
13,14,-98.8533248901,43.7281417847,13.653301874
13,15,-98.9720916748,43.7340888977,9.5656231935
13,16,-99.2597961426,43.7543029785,23.2206168866
13,17,-99.3031387329,43.7695274353,3.870565969
13,18,-99.3340454102,43.7906837463,3.4191897273
13,19,-99.4213790894,43.8128852844,7.4309104039
13,20,-99.5019836426,43.8512153625,7.7439462507
13,21,-99.5613098145,43.8568649292,4.7982777921
13,22,-99.6802597046,43.8635368347,9.5656388302
13,23,-99.8117446899,43.8837203979,10.7757613952
13,24,-99.9428405762,43.8900871277,10.5297505457
13,25,-100.0472564697,43.8859519958,8.380277756
13,26,-100.1361541748,43.8862991333,7.1243926636
13,27,-100.2094573975,43.9043731689,6.2079487133
13,28,-100.3022079468,43.904258728,7.4307968028
13,29,-100.5905914307,43.9042549133,23.1040904584
13,30,-100.7091674805,43.8821907043,9.8132285648
13,31,-100.7908706665,43.8864746094,6.5652182168
13,32,-100.866897583,43.9037895203,6.3889058684
13,33,-101.0635452271,43.9092102051,15.7655320215
13,34,-101.1049575806,43.9060173035,3.3365438159
13,35,-101.1470031738,43.8877944946,3.9313558183
13,36,-101.2168502808,43.8564720154,6.5937909212
13,37,-101.2852706909,43.8433189392,5.6781573213
13,38,-101.361541748,43.8562469482,6.2827800925
13,39,-101.5183258057,43.8547286987,12.5723131406
13,40,-101.5599365234,43.8445701599,3.5227484953
13,41,-101.6626586914,43.8459663391,8.2392915259
13,42,-101.8758239746,43.845916748,17.0946450668
13,43,-102.1148910522,43.9178657532,20.7634600498
13,44,-102.1787948608,43.9501953125,6.2536710752
13,45,-102.2134552002,43.985294342,4.788165482
13,46,-102.2418212891,43.9943313599,2.4818369764
13,47,-102.3059921265,44.0215911865,5.960432357
13,48,-102.3633956909,44.0674209595,6.8571252871
13,49,-102.4569473267,44.0671768188,7.4744647135
13,50,-102.5253372192,44.1121520996,7.4056690245
13,51,-102.8851318359,44.1106491089,28.7252429579
13,52,-102.9312896729,44.1310768127,4.3283967183
13,53,-102.979675293,44.1328239441,3.8664837333
13,54,-103.0898742676,44.1318016052,8.7955320756
13,55,-103.1435394287,44.1189460754,4.5156576446
13,56,-103.232093811,44.1153869629,7.0802600042
13,57,-103.2777481079,44.1334152222,4.1590814983
13,58,-103.3174819946,44.1723556519,5.3663351235
13,59,-103.3871841431,44.2164459229,7.4104956168
13,60,-103.4175415039,44.2462081909,4.0990670206
13,61,-103.4451522827,44.3023872375,6.6223254705
13,62,-103.4346923828,44.3310661316,3.295740224
13,63,-103.4491119385,44.3653144836,3.9771062859
13,64,-103.4681625366,44.3808937073,2.3008093576
13,65,-103.5160140991,44.3929290771,4.0310817777
13,66,-103.5324935913,44.4144134521,2.724142949
13,67,-103.5534439087,44.4377403259,3.0815185532
13,68,-103.6242675781,44.471698761,6.771857713
13,69,-103.6664810181,44.4786529541,3.4374699783
13,70,-103.733039856,44.4824485779,5.2973704398
13,71,-103.8366546631,44.5227432251,9.3594623437
13,72,-103.8680343628,44.5268859863,2.5299507128
13,73,-103.9410552979,44.5360565186,5.877287966
13,74,-103.995513916,44.5579605103,4.9554802392
13,75,-104.0590744019,44.5509300232,5.0965745395
13,76,-104.1896438599,44.5363883972,10.4732559956
13,77,-104.2478256226,44.5030059814,5.9208764711
13,78,-104.2776565552,44.4377403259,7.6334918284
13,79,-104.3249282837,44.4221305847,4.1355005875
13,80,-104.3439559937,44.390171051,3.8618286648
13,81,-104.40209198,44.3831672668,4.6848919025
13,82,-104.6874542236,44.3450775146,23.0766989165
13,83,-104.7924194336,44.3062019348,9.4022664618
13,84,-104.9133300781,44.2753410339,10.2172532987
13,85,-104.9244308472,44.2939529419,2.2503035085
13,86,-104.9359893799,44.2988891602,1.0712088881
13,87,-104.9894638062,44.2880172729,4.424403673
13,88,-105.0181427002,44.2846069336,2.3141205664
13,89,-105.169052124,44.2993240356,12.1221923519
13,90,-105.2181549072,44.2956924438,3.9286426706
13,91,-105.3460006714,44.3035774231,10.211915481
13,92,-105.4515457153,44.281955719,8.7377319934
13,93,-105.4641494751,44.2745246887,1.2998324758
13,94,-105.498588562,44.2732315063,2.7456977898
13,95,-105.5535964966,44.2780685425,4.4123278749
13,96,-105.6903686523,44.2590789795,11.0931590046
13,97,-105.8290023804,44.2171287537,11.988965205
13,98,-106.0241851807,44.1960678101,15.7328783552
13,99,-106.1553726196,44.1908111572,10.4753293978
13,100,-106.2206268311,44.1778869629,5.3980528833
13,101,-106.3067092896,44.19739151,7.1981621855
13,102,-106.3717193604,44.1962471008,5.1842379042
13,103,-106.4656982422,44.2556304932,9.9838591578
13,104,-106.55418396,44.2662696838,7.1451166582
13,105,-106.5916213989,44.2938156128,4.2736605262
13,106,-106.6186828613,44.3662452698,8.3364897262
13,107,-106.6317596436,44.3737411499,1.3323429376
13,108,-106.6557388306,44.3819351196,2.1123675354
14,1,-96.774810791,43.6078147888,794.5935765777
14,2,-96.7140197754,43.601272583,4.948542491
14,3,-96.6908569336,43.5986175537,1.8883919982
14,4,-96.6304931641,43.6176261902,5.2998161254
14,5,-96.5798034668,43.6056480408,4.292809524
14,6,-96.4589614868,43.6067276001,9.7304470528
14,7,-96.454788208,43.6067619324,0.3360341051
14,8,-96.4384918213,43.60546875,1.3199764695
14,9,-96.3887710571,43.6026000977,4.0161454677
14,10,-96.3327865601,43.6021232605,4.5082436765
14,11,-96.2110748291,43.6318511963,10.3405650367
14,12,-95.9874954224,43.6326255798,17.9941122194
14,13,-95.9375152588,43.6409378052,4.1269850193
14,14,-95.5944747925,43.6385421753,27.6060857193
14,15,-95.5760879517,43.6384773254,1.479655911
14,16,-95.1877365112,43.6307182312,31.2655931968
14,17,-95.0018844604,43.6349601746,14.9648561016
14,18,-94.9677124023,43.6432189941,2.8991798807
14,19,-94.9292449951,43.6526679993,3.2685637053
14,20,-94.7274246216,43.6648178101,16.2916648478
14,21,-94.6113128662,43.6786231995,9.4639851291
14,22,-94.445892334,43.6784095764,13.3029857697
14,23,-94.4072723389,43.6698684692,3.2479665783
14,24,-94.1086196899,43.6650924683,24.0276444512
14,25,-93.7836990356,43.6628684998,26.1373021239
14,26,-93.6339797974,43.6689796448,12.0619643994
14,27,-93.5791320801,43.6629257202,4.462788442
14,28,-93.4770507813,43.6810913086,8.4550005161
14,29,-93.4056091309,43.6841278076,5.7547931526
14,30,-93.3219604492,43.6829299927,6.7277061626
15,1,-71.5670166016,43.1839103699,1752.4795980595
15,2,-71.6890792847,43.1788330078,9.9132190533
15,3,-71.7529602051,43.2427368164,8.7917378864
15,4,-71.8306884766,43.2704391479,7.007914508
15,5,-71.8427200317,43.3079566956,4.2839139873
15,6,-71.8992462158,43.33253479,5.3272796294
15,7,-71.9716949463,43.3951148987,9.0952319991
15,8,-72.0396499634,43.4211769104,6.207429713
15,9,-72.0673828125,43.4434356689,3.3377769032
15,10,-72.1230010986,43.485206604,6.4592471731
15,11,-72.1550521851,43.5134277344,4.0657860194
15,12,-72.1453399658,43.5456161499,3.6638306608
15,13,-72.1680297852,43.5946426392,5.7498134499
15,14,-72.2113876343,43.6284751892,5.1320168614
15,15,-72.2378768921,43.6556930542,3.7017661453
15,16,-72.2580795288,43.6573295593,1.635428463
15,17,-72.2876358032,43.63904953,3.128411852
15,18,-72.3221664429,43.6235542297,3.269886375
15,19,-72.325881958,43.6240196228,0.3035148735
15,20,-72.3625030518,43.628616333,2.9915837538
16,1,-112.6263580322,46.0055541992,3152.9132361983
16,2,-112.6581802368,45.930065155,8.7468928271
16,3,-112.6728973389,45.8348121643,10.6527370787
16,4,-112.7220535278,45.7415885925,11.0444957152
16,5,-112.7230148315,45.7265090942,1.6784228076
16,6,-112.6750259399,45.6714248657,7.1698290052
16,7,-112.6536483765,45.6391563416,3.9541195615
16,8,-112.6690597534,45.6126441956,3.1823024131
16,9,-112.7043457031,45.5707550049,5.4068593961
16,10,-112.7155303955,45.4878311157,9.2617861245
16,11,-112.7012329102,45.4370498657,5.7556609603
16,12,-112.6997680664,45.3487205505,9.8224377477
16,13,-112.6460571289,45.2463798523,12.1304786515
16,14,-112.646987915,45.2121200562,3.8102128052
16,15,-112.6762008667,45.1810569763,4.1436861754
16,16,-112.7402496338,45.13098526,7.4981400816
16,17,-112.7919616699,45.0933227539,5.8314259955
16,18,-112.8102493286,45.0367507935,6.4523976242
16,19,-112.8392181396,45.0061149597,4.0974030656
16,20,-112.8431167603,44.9651184082,4.5689082986
16,21,-112.8100509644,44.9275474548,4.921897422
16,22,-112.8142776489,44.8810844421,5.1771643909
16,23,-112.6927947998,44.705039978,21.796466881
16,24,-112.5933380127,44.6428909302,10.4692334476
16,25,-112.5905609131,44.6263618469,1.8510395823
16,26,-112.576385498,44.6172142029,1.5143629556
16,27,-112.5559692383,44.6151695251,1.6318954555
16,28,-112.5255889893,44.6278572083,2.7877652496
16,29,-112.4953079224,44.6291160583,2.4003727328
16,30,-112.4139328003,44.6067085266,6.9059215225
16,31,-112.3600921631,44.5856590271,4.8633238521
16,32,-112.2984924316,44.5373687744,7.2560546556
16,33,-112.2558059692,44.5157699585,4.1495695405
16,34,-112.243598938,44.4984512329,2.1553635032
16,35,-112.1742630005,44.339389801,18.5242277182
16,36,-112.2010269165,44.3042984009,4.4450683042
16,37,-112.2315673828,44.2136497498,10.3689489367
16,38,-112.2331008911,44.1730918884,4.5114853304
16,39,-112.2361831665,44.0222167969,16.7783502149
16,40,-112.1789245605,43.8308601379,21.7664032004
16,41,-112.131401062,43.7228813171,12.5983726632
16,42,-112.0692214966,43.6102600098,13.4847185397
16,43,-112.0503616333,43.5115509033,11.0806539126
16,44,-112.0475997925,43.4973182678,1.5981957041
16,45,-112.0582427979,43.4813117981,1.9761096367
16,46,-112.1195602417,43.4362068176,7.0461645006
16,47,-112.2200927734,43.3446884155,13.0211008902
16,48,-112.3531036377,43.2036857605,19.0205907455
16,49,-112.3580474854,43.1956672668,0.9775327079
16,50,-112.3757400513,43.1571235657,4.5196143074
16,51,-112.3887176514,43.0769882202,8.9726888553
16,52,-112.4282302856,42.9540710449,14.040219464
16,53,-112.4270706177,42.9144248962,4.4094613698
17,1,-71.2035980225,42.6639976501,3329.6678722515
17,2,-71.2801589966,42.6201477051,7.9366707817
17,3,-71.3229675293,42.609210968,3.7081504497
17,4,-71.3485641479,42.6079177856,2.0997314639
18,1,-71.3485641479,42.6079177856,0
18,2,-71.3649978638,42.6182518005,1.7688845506
18,3,-71.3773651123,42.6207847595,1.0504101072
18,4,-71.3903884888,42.6224021912,1.0806681471
18,5,-71.4046325684,42.624961853,1.1996899811
18,6,-71.4138412476,42.6287841797,0.8650248053
18,7,-71.4216003418,42.6380271912,1.2079828318
18,8,-71.4317169189,42.6509666443,1.6597675002
18,9,-71.4381866455,42.6615486145,1.2901347144
18,10,-71.4440765381,42.6707572937,1.1315508511
18,11,-71.4487457275,42.679485321,1.0428802763
18,12,-71.4538574219,42.6932296753,1.5843851381
18,13,-71.4557266235,42.7006607056,0.8402942411
18,14,-71.4600524902,42.7115364075,1.2599217082
18,15,-71.4622268677,42.7202186584,0.9816296782
18,16,-71.4657669067,42.7257499695,0.6796443711
18,17,-71.4692993164,42.7317237854,0.7242158483
18,18,-71.479675293,42.7382888794,1.118504226
18,19,-71.4863739014,42.7425117493,0.7209349902
18,20,-71.4918899536,42.7453460693,0.5497533021
18,21,-71.4972915649,42.7518157959,0.8438471612
18,22,-71.5007171631,42.7605247498,1.0079703669
18,23,-71.5022125244,42.7710113525,1.1724290924
18,24,-71.5006027222,42.7809867859,1.1169722264
18,25,-71.5016479492,42.7864608765,0.6146387898
18,26,-71.5009307861,42.7891807556,0.308046932
18,27,-71.5076904297,42.8097763062,2.3555911271
18,28,-71.5110015869,42.8216552734,1.3482095306
18,29,-71.5142669678,42.8353691101,1.5479851397
18,30,-71.5173873901,42.8527069092,1.9445886277
18,31,-71.5156402588,42.8667755127,1.5708256535
18,32,-71.5082397461,42.8811836243,1.711852365
18,33,-71.50025177,42.8942222595,1.5891934785
18,34,-71.4954681396,42.905506134,1.3138206251
18,35,-71.493057251,42.9200134277,1.6250419166
18,36,-71.4932250977,42.9327545166,1.4168103535
18,37,-71.4948501587,42.9396095276,0.7736372848
18,38,-71.4958572388,42.9464492798,0.764950753
18,39,-71.4975738525,42.9510269165,0.5278369017
18,40,-71.4967956543,42.9551086426,0.4582647689
18,41,-71.4973068237,42.9582977295,0.3570419248
18,42,-71.4964523315,42.9646530151,0.7100881445
18,43,-71.5011520386,42.9729881287,1.0026064601
18,44,-71.503288269,42.9798583984,0.7834579112
18,45,-71.5039520264,42.9825401306,0.3030441333
18,46,-71.503074646,42.9893493652,0.760508369
18,47,-71.5038528442,43.0025520325,1.469433208
18,48,-71.5003585815,43.0124931335,1.1413317534
18,49,-71.4975128174,43.0215415955,1.0324010829
18,50,-71.4927520752,43.0319137573,1.2165255104
18,51,-71.4874267578,43.0404510498,1.0433148721
18,52,-71.4828338623,43.0462837219,0.7482949782
18,53,-71.4789505005,43.0493888855,0.4677555872
19,1,-112.4270706177,42.9144248962,3297.2644047816
19,2,-112.4594497681,42.9173774719,2.6571260377
19,3,-112.4931716919,42.9189987183,2.7519217975
19,4,-112.5551605225,42.9102020264,5.1419998682
19,5,-112.7513046265,42.8589401245,16.9670428026
19,6,-112.7635879517,42.8525123596,1.2301876303
19,7,-112.7628097534,42.8242683411,3.141232481
19,8,-112.8682022095,42.7543678284,11.5920424778
19,9,-113.0442581177,42.6279144287,20.1185889551
19,10,-113.1752319336,42.6026992798,11.07828278
19,11,-113.4990463257,42.5717849731,26.7316438094
20,1,-113.4990463257,42.5717849731,0
20,2,-113.6206665039,42.5690879822,9.9638784624
20,3,-113.7223815918,42.565322876,8.3403009952
20,4,-113.7841033936,42.5641365051,5.05652533
20,5,-113.9249191284,42.5629920959,11.5332429635
20,6,-114.0551300049,42.5619125366,10.6648890309
20,7,-114.2101669312,42.5635108948,12.6986464629
20,8,-114.278175354,42.5754051208,5.7241232914
20,9,-114.3599243164,42.6048240662,7.4489598349
20,10,-114.4337234497,42.6472206116,7.6603743852
20,11,-114.5070877075,42.6877479553,7.5025636891
20,12,-114.542388916,42.7125167847,3.9883972706
20,13,-114.6316299438,42.7314491272,7.5879586671
20,14,-114.6931228638,42.7584686279,5.8516601031
20,15,-114.9157409668,42.913646698,25.0446729405
20,16,-114.9484481812,42.9300842285,3.2300927647
20,17,-115.1311340332,42.9555587769,15.1377334517
20,18,-115.2103652954,42.9680404663,6.5950076799
20,19,-115.2930984497,42.9641418457,6.745748962
20,20,-115.3378982544,42.9769935608,3.9151157875
20,21,-115.3705291748,43.0024261475,3.8783496298
20,22,-115.4775009155,43.0391921997,9.6093146151
20,23,-115.5356826782,43.07396698,6.1071993832
20,24,-115.5669555664,43.1070594788,4.4709203801
20,25,-115.6509933472,43.139339447,7.7072935057
20,26,-115.7015838623,43.1530418396,4.3780415428
20,27,-115.7758560181,43.1805992126,6.7582007488
20,28,-115.7965927124,43.2176399231,4.4485285731
20,29,-115.8505020142,43.2658996582,6.9184646585
20,30,-116.0676956177,43.4359817505,25.8085628327
20,31,-116.1218261719,43.4891471863,7.3508244982
20,32,-116.1546325684,43.5366859436,5.9111210309
20,33,-116.1954421997,43.5537872314,3.7992797212
20,34,-116.2746658325,43.587020874,7.375170178
20,35,-116.3814315796,43.58801651,8.5997256354
20,36,-116.4635620117,43.5897445679,6.617502557
20,37,-116.5317840576,43.5922775269,5.5015630239
20,38,-116.5550994873,43.6019210815,2.1621848623
20,39,-116.6363067627,43.6613502502,9.2943071975
20,40,-116.6513900757,43.6809692383,2.4961525754
20,41,-116.683555603,43.7024497986,3.5204063014
20,42,-116.7433624268,43.8009300232,11.9578166199
20,43,-116.7634353638,43.8556098938,6.2897292874
20,44,-116.8007125854,43.8957557678,5.3717021597
20,45,-116.8977127075,43.9646377563,10.9089409051
20,46,-116.9046936035,43.9710235596,0.9035069075
20,47,-116.9345245361,44.0038375854,4.359955589
20,48,-116.9365844727,44.0084114075,0.5346049147
20,49,-116.9415054321,44.019329071,1.2761767698
20,50,-116.9879074097,44.0649032593,6.2798738162
20,51,-117.1185531616,44.1564331055,14.5732173704
20,52,-117.1428756714,44.2133750916,6.622025935
20,53,-117.1690368652,44.2306594849,2.835462491
20,54,-117.1722640991,44.2507133484,2.2446589378
20,55,-117.2111129761,44.2837715149,4.8042893043
20,56,-117.2439346313,44.3116760254,4.0559405191
20,57,-117.3060913086,44.3534812927,6.7859944649
20,58,-117.3240890503,44.3803367615,3.3112094146
20,59,-117.3231277466,44.4336891174,5.9330027479
20,60,-117.332244873,44.4587478638,2.8788645938
20,61,-117.3794403076,44.532043457,8.9686574866
20,62,-117.4523620605,44.6052513123,9.9816951914
20,63,-117.5281906128,44.6236724854,6.3420246789
20,64,-117.5586166382,44.6559410095,4.3208189394
20,65,-117.6538314819,44.6783180237,7.930258071
20,66,-117.7004089355,44.7113838196,5.2031982181
20,67,-117.759147644,44.7361526489,5.3963878816
20,68,-117.7978668213,44.7692222595,4.7822317335
20,69,-117.8008270264,44.8020553589,3.6583411462
20,70,-117.8163223267,44.8603782654,6.5993236689
20,71,-117.8318252563,44.9168777466,6.4000663662
20,72,-117.8998641968,44.9935836792,10.0703963178
20,73,-117.9178161621,45.0327301025,4.5759177463
20,74,-117.9774932861,45.1418991089,13.0117650257
20,75,-117.9765167236,45.1633720398,2.3889087037
20,76,-118.0060043335,45.1891899109,3.6856493715
20,77,-117.9981384277,45.2253341675,4.0660256731
20,78,-118.0326538086,45.2808074951,6.7341209932
20,79,-118.0578994751,45.3208122253,4.8668638056
20,80,-118.0873794556,45.3397712708,3.1233113254
20,81,-118.1409912109,45.3274459839,4.4091106348
20,82,-118.1774902344,45.3385543823,3.1089741007
20,83,-118.231918335,45.3362426758,4.2619850091
20,84,-118.2782821655,45.3536300659,4.1069673661
20,85,-118.3924255371,45.4777259827,16.4251206912
20,86,-118.4457397461,45.5091667175,5.4306442454
20,87,-118.4619445801,45.5368766785,3.3298068157
20,88,-118.4464111328,45.5704193115,3.9209746597
20,89,-118.4552383423,45.5872421265,1.9927787092
20,90,-118.6034240723,45.5782546997,11.5754660723
20,91,-118.6967391968,45.6393013,9.93813168
20,92,-118.7438735962,45.6483078003,3.7985419023
20,93,-118.8055725098,45.6410980225,4.8628276631
20,94,-118.8310546875,45.6439552307,2.006300047
20,95,-118.8905563354,45.6746940613,5.7503591943
20,96,-119.1677474976,45.7602005005,23.5267923529
21,1,-89.285446167,43.0995979309,2377.1180350633
21,2,-89.2749404907,43.0504570007,5.5304481319
21,3,-89.2606048584,43.0286102295,2.6941843781
21,4,-89.2206039429,43.002155304,4.3851969329
21,5,-89.1179580688,42.9841690063,8.5846021721
21,6,-89.0820159912,42.9199256897,7.7192470081
21,7,-89.0734024048,42.8967132568,2.6747410683
21,8,-89.0504150391,42.8725357056,3.2764884839
21,9,-89.0269546509,42.8288040161,5.2253131642
21,10,-88.9882965088,42.7327384949,11.1381778194
21,11,-88.9815826416,42.7127075195,2.2938725951
21,12,-88.9805908203,42.6781616211,3.8421837372
21,13,-88.9820251465,42.5816383362,10.733541029
21,14,-88.9717102051,42.534954071,5.2593535336
22,1,-71.1317825317,42.5005683899,1459.4230991599
22,2,-71.1744613647,42.5833396912,9.8455410608
22,3,-71.1937332153,42.5996742249,2.4058047329
22,4,-71.2035980225,42.6639976501,7.1978236569
23,1,-77.3891983032,42.3757247925,507.8419130103
23,2,-77.4064865112,42.3989181519,2.9440063199
23,3,-77.4107055664,42.4342689514,3.9460583165
23,4,-77.4373779297,42.4581184387,3.4383746621
23,5,-77.4567947388,42.4607887268,1.6202892062
23,6,-77.5496444702,42.5128517151,9.5645432777
23,7,-77.5924377441,42.5216827393,3.642159064
23,8,-77.6845703125,42.5450248718,7.9828692308
23,9,-77.8073577881,42.6488342285,15.3055104722
23,10,-77.8382720947,42.6888694763,5.119205805
23,11,-77.8369140625,42.7093811035,2.2834872655
23,12,-77.8215179443,42.7471389771,4.3827813938
23,13,-77.7341995239,42.8306503296,11.7047342488
23,14,-77.7173156738,42.9121246338,9.163416724
23,15,-77.7025222778,42.963054657,5.7897866924
23,16,-77.6678085327,43.0172767639,6.657591264
23,17,-77.6412887573,43.0494194031,4.1737662705
24,1,-84.4879226685,42.6815071106,559.3460957736
24,2,-84.2152252197,42.6625328064,22.3941410066
24,3,-84.1705703735,42.6507110596,3.8810797924
24,4,-84.0462646484,42.643737793,10.1962661219
24,5,-84.0020523071,42.6263923645,4.098888553
24,6,-83.9363098145,42.5903816223,6.7068253545
24,7,-83.8621902466,42.5812721252,6.1520475955
24,8,-83.7561340332,42.5360870361,10.0348934755
24,9,-83.6924591064,42.5223464966,5.4368259071
24,10,-83.6733932495,42.5119285583,1.9451785461
24,11,-83.6192321777,42.5186042786,4.5007575446
24,12,-83.5296020508,42.4953842163,7.7876619178
24,13,-83.4352111816,42.4914550781,7.7514413605
24,14,-83.4301605225,42.3997001648,10.2110940238
24,15,-83.3537979126,42.3906402588,6.3512122408
24,16,-83.2739944458,42.3922958374,6.5563368897
24,17,-83.2151184082,42.3757972717,5.1719884659
24,18,-83.1734085083,42.3828735352,3.515226148
24,19,-83.1414489746,42.3854103088,2.6400524035
24,20,-83.1325759888,42.3667564392,2.1985468717
24,21,-83.1070709229,42.3463783264,3.0865182708
25,1,-71.0596694946,42.3521232605,989.2125571168
25,2,-71.1059875488,42.3431625366,3.9347101664
25,3,-71.1723403931,42.3450813293,5.4574186196
25,4,-71.2697296143,42.3312568665,8.1510107509
26,1,-71.2697296143,42.3312568665,9.49352979660034E-005
26,2,-71.2728805542,42.3617782593,3.4036888364
26,3,-71.252532959,42.4208946228,6.7825087024
26,4,-71.2614517212,42.4469947815,2.9930819052
26,5,-71.2310943604,42.4754447937,4.0260690444
26,6,-71.2102737427,42.4827270508,1.8897540291
26,7,-71.1317825317,42.5005683899,6.7345218323
27,1,-84.9888305664,42.2958335876,1136.8307102445
27,2,-84.9659576416,42.3992042542,11.6469799414
27,3,-84.9681015015,42.4329338074,3.7546820994
27,4,-84.9566955566,42.4457206726,1.7022567799
27,5,-84.8867797852,42.4773902893,6.730147714
27,6,-84.8352432251,42.5123939514,5.7448556366
27,7,-84.8125534058,42.5716400146,6.8451012013
27,8,-84.8085861206,42.5842323303,1.4373880776
27,9,-84.4879226685,42.6815071106,28.3749970649
28,1,-71.2697296143,42.3312568665,1083.1313101699
28,2,-71.3592758179,42.3103904724,7.7190990332
28,3,-71.4344329834,42.3082618713,6.1847825923
28,4,-71.4703369141,42.2935142517,3.3776099785
28,5,-71.5608596802,42.259349823,8.3605924311
29,1,-71.3485641479,42.6079177856,42.4948068143
29,2,-71.383140564,42.5999794006,2.9643819579
29,3,-71.4529647827,42.564994812,6.9147681482
29,4,-71.4975891113,42.5363082886,4.8514717106
29,5,-71.5158004761,42.5143814087,2.8586430849
29,6,-71.5979995728,42.422744751,12.2181696493
29,7,-71.6091690063,42.3870429993,4.0744043582
29,8,-71.5958862305,42.358165741,3.3913383797
29,9,-71.5829467773,42.337474823,2.5345807936
29,10,-71.5703582764,42.2890625,5.4818177815
29,11,-71.5608596802,42.259349823,3.3950720208
30,1,-71.1304473877,42.2019042969,36.0085163412
30,2,-71.1765213013,42.2115516663,3.9435827902
30,3,-71.2139205933,42.2369041443,4.1750073142
30,4,-71.2214202881,42.2820549011,5.0583300892
30,5,-71.2697296143,42.3312568665,6.7612305709
31,1,-71.5608596802,42.259349823,25.2449186682
31,2,-71.6220932007,42.2273139954,6.1722592943
31,3,-71.7108764648,42.2220993042,7.3335062217
31,4,-71.7395172119,42.2180557251,2.4009708893
31,5,-71.772064209,42.2077140808,2.9167239785
31,6,-71.8132247925,42.1988754272,3.5299508468
31,7,-71.84765625,42.1871833801,3.1203080013
31,8,-71.9021224976,42.1676330566,4.9869512021
31,9,-72.0047531128,42.1510810852,8.6573990784
31,10,-72.0746994019,42.1285171509,6.289348008
32,1,-72.0746994019,42.1285171509,0
32,2,-72.1322784424,42.1270866394,4.7510782586
32,3,-72.1655578613,42.1557312012,4.2040436651
32,4,-72.198677063,42.167552948,3.0298192762
32,5,-72.2465133667,42.1609420776,4.0106248281
32,6,-72.3156204224,42.1700363159,5.7847847416
32,7,-72.3740234375,42.1612434387,4.9117829685
32,8,-72.4450454712,42.1684761047,5.9085901476
32,9,-72.5503768921,42.1642417908,8.6939162669
32,10,-72.6012878418,42.156627655,4.2809069946
32,11,-72.6305007935,42.1501274109,2.5142865788
32,12,-72.6397857666,42.1502227783,0.7655139647
33,1,-75.8961257935,42.1248550415,268.5003488382
33,2,-75.892288208,42.1430854797,2.0516830557
33,3,-75.8759765625,42.1578636169,2.1233253545
33,4,-75.8019256592,42.166633606,6.1809036751
33,5,-75.7434158325,42.1787948608,5.0077867294
33,6,-75.6286087036,42.1943702698,9.6163406033
33,7,-75.5730438232,42.2018737793,4.6526443671
33,8,-75.4993667603,42.2318229675,6.9212698442
33,9,-75.4787750244,42.254322052,3.0219455898
33,10,-75.466468811,42.2880859375,3.8885220194
33,11,-75.4449691772,42.2978668213,2.0760699198
33,12,-75.3928756714,42.2979812622,4.2844980194
33,13,-75.2905654907,42.3326644897,9.2541692511
33,14,-75.1925811768,42.3722229004,9.1749920181
33,15,-75.1035232544,42.4325332642,9.9219805776
33,16,-75.0670700073,42.446472168,3.3690745887
33,17,-75.0176010132,42.4636802673,4.4869096764
33,18,-74.9899215698,42.4843444824,3.230052772
33,19,-74.9434051514,42.4933280945,3.9428075148
33,20,-74.6170349121,42.6475296021,31.7535089579
33,21,-74.5229797363,42.6552200317,7.7394769171
33,22,-74.3890075684,42.6634140015,10.9930340396
33,23,-74.3006134033,42.6936454773,7.9696145431
33,24,-74.1946487427,42.714302063,8.9582190411
33,25,-74.0705413818,42.7576141357,11.2220159176
33,26,-73.9563140869,42.7439880371,9.449139949
33,27,-73.934463501,42.7485237122,1.854181909
34,1,-75.8961257935,42.1248550415,175.2787814105
34,2,-75.9099655151,42.1332855225,1.476940407
34,3,-75.9024200439,42.1742858887,4.6012679532
34,4,-75.8948287964,42.1912078857,1.9828786147
34,5,-75.8987808228,42.2224998474,3.4946998323
34,6,-75.9230194092,42.2475852966,3.4296778047
34,7,-75.9403533936,42.2914009094,5.0765555001
34,8,-75.976234436,42.3099479675,3.600179704
34,9,-75.9880447388,42.3324813843,2.6871660101
34,10,-75.9936218262,42.3973846436,7.2314442981
34,11,-76.0126266479,42.4529953003,6.3773427004
34,12,-76.0587921143,42.5004501343,6.4945110355
34,13,-76.0779876709,42.5596885681,6.772210267
34,14,-76.1146621704,42.5986480713,5.2710543398
34,15,-76.1308746338,42.6192932129,2.6514801561
34,16,-76.1466522217,42.6258544922,1.4828328025
34,17,-76.1709594727,42.6259078979,1.9887371056
34,18,-76.1632614136,42.6787757874,5.9122554835
34,19,-76.1669769287,42.6978034973,2.1374680603
34,20,-76.1277770996,42.8025779724,12.0820741482
34,21,-76.1306610107,42.8962135315,10.414453122
34,22,-76.1447525024,42.9269104004,3.6010924916
34,23,-76.1402816772,42.9442634583,1.9635976484
34,24,-76.1384963989,43.0079727173,7.0856350964
34,25,-76.1584854126,43.0658721924,6.6399374151
34,26,-76.1622161865,43.1049308777,4.3536825341
35,1,-88.9717102051,42.534954071,1045.6512487955
35,2,-88.9850616455,42.4929504395,4.7970791968
35,3,-88.9965362549,42.4574699402,4.055938637
35,4,-88.9942703247,42.4274711609,3.340890129
35,5,-88.9839324951,42.397441864,3.4452736833
35,6,-88.9605560303,42.368270874,3.7693317317
35,7,-88.9582443237,42.266494751,11.3185845401
35,8,-88.9596862793,42.2401542664,2.931331678
35,9,-88.9355316162,42.2391395569,1.9916589576
35,10,-88.9028167725,42.2249069214,3.1240087974
35,11,-88.7993545532,42.2252998352,8.5192919879
35,12,-88.625869751,42.1774597168,15.2482710204
35,13,-88.5167541504,42.1448745728,9.6962034915
35,14,-88.2978057861,42.0662651062,20.0663604808
35,15,-88.0377426147,42.0581359863,21.4880364242
36,1,-71.5608596802,42.259349823,1356.2131089616
36,2,-71.5251312256,42.1655197144,10.8404262053
36,3,-71.4332733154,42.0873947144,11.5262132624
36,4,-71.3878326416,42.0455932617,5.9728582362
36,5,-71.350692749,42.0307540894,3.4828419719
36,6,-71.3094406128,42.0267181396,3.4367138342
36,7,-71.2836990356,42.0211868286,2.213494354
37,1,-87.8773117065,41.9930915833,1368.8902739786
37,2,-87.8786697388,42.0144500732,2.3776051917
37,3,-87.8795776367,42.0285415649,1.5686961969
37,4,-87.8774032593,42.0425987244,1.5733664492
37,5,-87.8718719482,42.0943107605,5.7682147837
37,6,-87.8771362305,42.1070976257,1.486689837
37,7,-87.8812255859,42.1175956726,1.215090369
37,8,-87.8859634399,42.126739502,1.0892496486
37,9,-87.8864440918,42.132648468,0.6582415273
37,10,-87.8856811523,42.138999939,0.7090476857
37,11,-87.8823928833,42.1471366882,0.9445111038
38,1,-87.8773117065,41.9930915833,17.134168178
38,2,-87.9000396729,41.9983711243,1.9678350797
38,3,-87.9177932739,42.0053977966,1.6621025836
38,4,-87.9325027466,42.0105705261,1.3445842758
38,5,-87.9490127563,42.0180435181,1.5971645857
38,6,-87.9581756592,42.0226898193,0.9164369168
38,7,-87.9691543579,42.0291786194,1.1588607067
38,8,-87.9843902588,42.0389022827,1.6590455738
38,9,-87.9984359741,42.046333313,1.4241032416
38,10,-88.0119247437,42.0514831543,1.2523587822
38,11,-88.0217437744,42.054775238,0.8895215182
38,12,-88.0272750854,42.0562019348,0.4834452885
38,13,-88.0377426147,42.0581359863,0.8905523118
39,1,-87.924331665,41.8796768188,21.9473665511
39,2,-87.9248809814,41.9101028442,3.3835251648
39,3,-87.9250183105,41.9314575195,2.3745587368
39,4,-87.924331665,41.9346237183,0.3566176707
39,5,-87.9230117798,41.9382476807,0.4174939777
39,6,-87.9180297852,41.9404563904,0.479711358
39,7,-87.9112091064,41.9417304993,0.5816585613
39,8,-87.8956451416,41.94789505,1.4583609422
39,9,-87.8906173706,41.9519195557,0.6108542092
39,10,-87.8867950439,41.9568748474,0.6352253947
39,11,-87.8824005127,41.9599990845,0.5027199094
39,12,-87.8798751831,41.9626922607,0.3650755739
39,13,-87.8766098022,41.9703712463,0.89552757
39,14,-87.8751907349,41.9780731201,0.8644065281
39,15,-87.8773117065,41.9930915833,1.679152865
40,1,-88.0377426147,42.0581359863,15.0969546114
40,2,-88.0197601318,41.973449707,9.5331494608
40,3,-88.0078048706,41.9551429749,2.2629169811
40,4,-87.9705429077,41.9374504089,3.6561230238
40,5,-87.9461593628,41.9239883423,2.5118607459
40,6,-87.9415512085,41.9094009399,1.6662565753
40,7,-87.9401168823,41.8907623291,2.0759159217
40,8,-87.924331665,41.8796768188,1.7963892144
41,1,-87.924331665,41.8796768188,0
41,2,-87.8930130005,41.8742904663,2.661254728
41,3,-87.8048858643,41.8731613159,7.2978050967
41,4,-87.753074646,41.8742866516,4.2916750132
41,5,-87.6617355347,41.8780136108,7.5737288295
42,1,-87.9253082275,41.8637886047,21.8814167236
42,2,-87.924331665,41.8796768188,1.7685382689
43,1,-87.9515304565,41.8486633301,4.1189143919
43,2,-87.9408950806,41.8558044434,1.1859491129
43,3,-87.9253082275,41.8637886047,1.5666671116
44,1,-87.9246292114,41.839263916,2.7276008351
44,2,-87.9253082275,41.8637886047,2.7276008351
45,1,-87.9515304565,41.8486633301,2.7468281073
45,2,-87.935005188,41.8434753418,1.4854387983
45,3,-87.9246292114,41.839263916,0.9788294135
46,1,-71.4349212646,41.8071403503,1364.2878038213
46,2,-71.4186782837,41.8299789429,2.8742076546
46,3,-71.3935775757,41.858543396,3.7962642638
46,4,-71.376335144,41.8745498657,2.2817581933
46,5,-71.3671417236,41.8909263611,1.9736344604
46,6,-71.3571624756,41.9086837769,2.1403114938
46,7,-71.3255310059,41.9293823242,3.4852181641
46,8,-71.3179244995,41.9505729675,2.4388397695
46,9,-71.2836990356,42.0211868286,8.3459305838
47,1,-87.9091186523,41.7623252869,1374.2941934902
47,2,-87.8670730591,41.7708816528,3.6145713931
47,3,-87.8327178955,41.7917823792,3.6764063441
47,4,-87.7969741821,41.7931289673,2.9670383601
47,5,-87.7517471313,41.8038787842,3.9350417897
47,6,-87.6543655396,41.8302192688,8.5851865202
48,1,-87.9091186523,41.7623252869,22.4273418438
48,2,-87.9157180786,41.7701263428,1.0256824541
48,3,-87.9197158813,41.7837982178,1.5559684419
48,4,-87.9217376709,41.8033561707,2.1811944626
48,5,-87.9208755493,41.8142356873,1.2118554503
48,6,-87.9246292114,41.839263916,2.8003377321
49,1,-72.6979217529,41.7547988892,1260.6269247021
49,2,-72.6817932129,41.7614440918,1.5283165164
49,3,-72.6640319824,41.7894134521,3.4411771599
49,4,-72.6711196899,41.8376197815,5.3923876889
49,5,-72.6494674683,41.9059677124,7.8085400364
49,6,-72.6369400024,41.9158287048,1.5089473701
49,7,-72.6101074219,41.9314346313,2.8176945194
49,8,-72.5904541016,41.9575653076,3.3293514038
49,9,-72.5804672241,41.9937858582,4.1112840519
49,10,-72.5822601318,42.0215988159,3.0962056172
49,11,-72.5697860718,42.0931434631,8.0217834659
49,12,-72.5756912231,42.1068344116,1.5984224895
49,13,-72.5780181885,42.1141281128,0.8334285844
49,14,-72.5870819092,42.1246757507,1.3908322766
49,15,-72.6050033569,42.1257781982,1.4830768277
49,16,-72.6272277832,42.1278305054,1.8469800258
49,17,-72.6443710327,42.137096405,1.7492856063
49,18,-72.6397857666,42.1502227783,1.5077491057
50,1,-89.6544342041,41.7461738586,1405.5191126179
50,2,-89.6415176392,41.7489128113,1.114010423
50,3,-89.6273727417,41.7543869019,1.3218815696
50,4,-89.568321228,41.7753105164,5.4221804639
50,5,-89.4889144897,41.8048362732,7.3565341788
50,6,-89.4716720581,41.8107376099,1.5725584229
50,7,-89.4488830566,41.8170852661,2.0162242846
50,8,-89.4242477417,41.8197975159,2.0636673485
50,9,-89.3916015625,41.8197746277,2.7053100627
50,10,-89.3343200684,41.8219909668,4.7530890385
50,11,-89.2985839844,41.8242034912,2.9714109077
50,12,-89.2763977051,41.8282623291,1.8929280137
50,13,-89.2498931885,41.8341140747,2.2903468316
50,14,-89.2289199829,41.8399734497,1.8556681797
50,15,-89.2091751099,41.8490066528,1.9193820602
50,16,-89.1918869019,41.8566856384,1.6671525527
50,17,-89.172744751,41.865272522,1.8505865175
50,18,-89.1338195801,41.8828735352,3.770607196
50,19,-89.0992355347,41.8945732117,3.1445390131
50,20,-89.0862731934,41.8968009949,1.1011099022
50,21,-89.0764083862,41.896774292,0.816494087
50,22,-88.7626037598,41.8930931091,25.9768929804
50,23,-88.6781463623,41.8921279907,6.9916361756
50,24,-88.6615066528,41.8915672302,1.3787498782
50,25,-88.6405639648,41.8896102905,1.747152826
50,26,-88.6251907349,41.8863296509,1.3238366811
50,27,-88.6110687256,41.881690979,1.2778101573
50,28,-88.5889816284,41.8738212585,2.0272390474
50,29,-88.5050506592,41.8373222351,8.049320366
50,30,-88.410194397,41.7961463928,9.0970600223
50,31,-88.4034500122,41.7942695618,0.5967844945
50,32,-88.3972930908,41.7946777344,0.5124245782
50,33,-88.3849639893,41.7954788208,1.0259508367
50,34,-88.3664932251,41.7953186035,1.5313133726
50,35,-88.3431091309,41.7946548462,1.9399373598
50,36,-88.3227920532,41.7944717407,1.6844124722
50,37,-88.3104171753,41.7979850769,1.0977219952
50,38,-88.2961959839,41.8014907837,1.2416242163
50,39,-88.1642990112,41.8074569702,10.9527009471
50,40,-88.1402435303,41.8094711304,2.0063109181
50,41,-88.1106262207,41.811882019,2.4692582717
50,42,-88.0939178467,41.8162460327,1.467270768
50,43,-88.0796737671,41.8197174072,1.2419146144
50,44,-88.0697937012,41.8209762573,0.8306094577
50,45,-88.0562133789,41.8226394653,1.140428053
50,46,-88.0438461304,41.8247718811,1.051854913
50,47,-88.0345611572,41.8269309998,0.8059400938
50,48,-88.0277175903,41.8300323486,0.6636644017
50,49,-88.018989563,41.8349266052,0.9050326262
50,50,-88.0121536255,41.8375701904,0.6380753647
50,51,-87.9979095459,41.8410453796,1.2416728783
50,52,-87.9830169678,41.845867157,1.345128112
50,53,-87.9687957764,41.8479690552,1.2009381027
50,54,-87.9515304565,41.8486633301,1.432179343
51,1,-72.6979217529,41.7547988892,1262.7632865818
51,2,-72.6110610962,41.7280082703,7.7981617212
51,3,-72.5766830444,41.7548789978,4.1307548274
51,4,-72.5614242554,41.7787742615,2.9430118782
51,5,-72.5443954468,41.7985649109,2.614568101
51,6,-72.4794921875,41.8382263184,6.9553977392
51,7,-72.3823699951,41.8547592163,8.2522943052
51,8,-72.3032913208,41.888256073,7.533021046
51,9,-72.2034759521,41.9572982788,11.2754309878
51,10,-72.1799850464,41.9824104309,3.4012941484
51,11,-72.1450653076,42.0264167786,5.6806239098
51,12,-72.0782928467,42.1103973389,10.8434965408
51,13,-72.0746994019,42.1285171509,2.0365134788
52,1,-91.6302032471,41.685508728,1615.5201978899
52,2,-91.6287384033,41.6982498169,1.4219559493
52,3,-91.6189193726,41.7601776123,6.9340985189
52,4,-91.6175003052,41.7960929871,3.995340666
52,5,-91.6583328247,41.8426551819,6.1851278225
52,6,-91.6572341919,41.9248504639,9.1401508653
52,7,-91.6693496704,41.9773406982,5.9220180631
52,8,-91.7071151733,42.0612258911,9.8355072915
52,9,-91.8576660156,42.2385406494,23.2976268882
52,10,-91.9423980713,42.2860412598,8.7474425689
52,11,-92.0244369507,42.3076438904,7.1623030048
52,12,-92.1912536621,42.384262085,16.1410593619
52,13,-92.253944397,42.4283714294,7.1098398182
52,14,-92.2708282471,42.4611816406,3.902511575
53,1,-112.1325454712,41.6735420227,1638.1046224533
53,2,-112.134803772,41.8627471924,21.0394885954
53,3,-112.1370925903,41.8741989136,1.2874001288
53,4,-112.1621551514,41.8956031799,3.1574113483
53,5,-112.1981582642,41.999420166,11.9217374889
53,6,-112.2159194946,42.0494613647,5.7544912902
53,7,-112.212928772,42.1596565247,12.2556265268
53,8,-112.2202606201,42.1926231384,3.7151766431
53,9,-112.2182846069,42.2335205078,4.5504908929
53,10,-112.1998748779,42.2683334351,4.1570181573
53,11,-112.2110519409,42.3488006592,8.9946298628
53,12,-112.1650543213,42.4530601501,12.19285503
53,13,-112.162109375,42.4943466187,4.5971951769
53,14,-112.1561737061,42.5355453491,4.6068497718
53,15,-112.1926345825,42.6206245422,9.9202412404
53,16,-112.1969146729,42.6571807861,4.0799184095
53,17,-112.2198028564,42.7973136902,15.6938249289
53,18,-112.2345504761,42.8101425171,1.8661335672
53,19,-112.2572784424,42.8159790039,1.9642274671
53,20,-112.3619155884,42.8220024109,8.5606547718
53,21,-112.4066619873,42.8540802002,5.1023618747
53,22,-112.4270706177,42.9144248962,6.912984949
54,1,-112.1325454712,41.6735420227,140.0900355336
54,2,-112.1816558838,41.7022132874,5.1763227766
54,3,-112.2447433472,41.7341079712,6.3242039175
54,4,-112.2836990356,41.7959976196,7.6025139117
54,5,-112.3287887573,41.8130950928,4.1931214814
54,6,-112.4050674438,41.8158416748,6.3289255894
54,7,-112.4313354492,41.8290481567,2.6257165424
54,8,-112.4501266479,41.8624458313,4.0266681009
54,9,-112.4832839966,41.8840675354,3.6492962764
54,10,-112.5772171021,41.8918685913,7.8239474968
54,11,-112.6447525024,41.917350769,6.2662910335
54,12,-112.6703186035,41.9432144165,3.5698474524
54,13,-112.6994552612,41.951461792,2.5782768147
54,14,-112.7489395142,41.9503707886,4.0940288474
54,15,-112.7844314575,41.9660797119,3.4152571163
54,16,-112.8206558228,42.0009002686,4.8945106724
54,17,-112.9620895386,42.1598815918,21.18382501
54,18,-113.0107879639,42.1895256042,5.1932773165
54,19,-113.0778045654,42.2456283569,8.3291551237
54,20,-113.1325149536,42.2731628418,5.4448244366
54,21,-113.3814926147,42.498550415,32.3458204052
54,22,-113.4990463257,42.5717849731,12.6128970625
55,1,-93.5762786865,41.6435432434,1642.9466617652
55,2,-93.4803314209,41.6647262573,8.3121660243
55,3,-93.4071807861,41.677444458,6.2382808488
55,4,-93.307510376,41.6777191162,8.2778144094
55,5,-93.2218093872,41.6965675354,7.4187238545
55,6,-93.1954193115,41.6973152161,2.1926477709
55,7,-93.1715621948,41.6879959106,2.2355763141
55,8,-93.1327514648,41.6754798889,3.51071001
55,9,-93.0743789673,41.676197052,4.8486996613
55,10,-92.8953170776,41.6770172119,14.8718273869
55,11,-92.8116378784,41.689655304,7.089716565
55,12,-92.5570373535,41.6877174377,21.1423497329
55,13,-92.0212249756,41.6838912964,44.4961984001
55,14,-91.6302032471,41.685508728,32.4717464711
56,1,-93.5762786865,41.6435432434,161.7207954866
56,2,-93.5726013184,41.9099998474,29.6301917085
56,3,-93.5826034546,42.0060081482,10.7076249819
56,4,-93.565612793,42.321685791,35.1296751525
56,5,-93.5780563354,42.4681167603,16.3144141572
56,6,-93.5745849609,42.5483207703,8.9228173671
56,7,-93.4784698486,42.6431922913,13.1599808153
56,8,-93.4104537964,42.7402763367,12.1424523826
56,9,-93.3617019653,42.8200454712,9.7214359156
56,10,-93.3632125854,43.1471710205,36.3749090144
56,11,-93.3640975952,43.2860069275,15.4380150744
56,12,-93.3631668091,43.3826026917,10.7412227204
56,13,-93.3471069336,43.4436187744,6.9075787642
56,14,-93.3477020264,43.499168396,6.1770227655
56,15,-93.3380508423,43.6086540222,12.1990640318
56,16,-93.3204345703,43.6556396484,5.4135161706
56,17,-93.3219604492,43.6829299927,3.0370286187
57,1,-87.7130508423,41.6067390442,513.4192941938
57,2,-87.7225494385,41.6195831299,1.6319651081
57,3,-87.7346191406,41.6283721924,1.4005721397
57,4,-87.7393798828,41.6343383789,0.772442206
57,5,-87.7446136475,41.6462211609,1.3910445674
57,6,-87.7503967285,41.6608276367,1.6937439392
57,7,-87.7557067871,41.6695289612,1.0633447958
57,8,-87.7635116577,41.6773490906,1.0845993971
57,9,-87.7713394165,41.6838188171,0.9696057894
57,10,-87.7810440063,41.6893920898,1.0165984144
57,11,-87.8071136475,41.7047195435,2.7549331468
57,12,-87.8210144043,41.7148895264,1.6156432908
57,13,-87.8355102539,41.725982666,1.723069248
57,14,-87.8481903076,41.7361373901,1.5434229427
57,15,-87.8615951538,41.7417488098,1.2752956304
57,16,-87.8866882324,41.7475166321,2.1783922981
57,17,-87.9013366699,41.7526931763,1.3446311388
57,18,-87.9091186523,41.7623252869,1.2505205326
58,1,-93.7840270996,41.5813522339,488.2820169878
58,2,-93.7827072144,41.6100234985,3.1899879366
58,3,-93.7786712646,41.6346931458,2.7635775163
58,4,-93.766204834,41.6419258118,1.3115106069
58,5,-93.6106567383,41.64245224,12.9257063911
58,6,-93.5762786865,41.6435432434,2.8592508505
59,1,-87.7563705444,41.5687408447,483.8667914785
59,2,-87.7130508423,41.6067390442,5.5526901686
60,1,-90.3410110474,41.5365104675,218.7454527849
60,2,-90.3312301636,41.5393028259,0.8712790666
60,3,-90.3281707764,41.5402336121,0.2748602482
60,4,-90.3232955933,41.5429878235,0.5083507042
60,5,-90.3196411133,41.5448226929,0.3662348855
60,6,-90.3147659302,41.548034668,0.5405220706
60,7,-90.3068389893,41.5521659851,0.8038428163
60,8,-90.2976608276,41.5544891357,0.8062328414
60,9,-90.2688217163,41.5546722412,2.3997844925
60,10,-90.2670440674,41.5601272583,0.6243438477
60,11,-90.2609481812,41.5637931824,0.6506884024
60,12,-90.246887207,41.5688743591,1.299097915
60,13,-90.2334289551,41.5730323792,1.2112874598
60,14,-90.2248535156,41.5749015808,0.7430099318
60,15,-90.2175750732,41.5835647583,1.1377465656
60,16,-90.2090682983,41.5917816162,1.1555661559
60,17,-90.1999588013,41.6022758484,1.3912143158
60,18,-90.1932678223,41.6082115173,0.8631987263
60,19,-90.1798324585,41.6160011292,1.41344966
60,20,-90.1095199585,41.652217865,7.0967614785
60,21,-90.0446014404,41.6792907715,6.1759222408
60,22,-89.9692001343,41.7100067139,7.1315782948
60,23,-89.953918457,41.7241363525,2.0192307066
60,24,-89.9392089844,41.7328109741,1.5557792581
60,25,-89.9201965332,41.7424087524,1.9046221572
60,26,-89.8974914551,41.7520179749,2.1655954698
60,27,-89.8833694458,41.7584152222,1.3704991363
60,28,-89.8557128906,41.7653007507,2.4183029318
60,29,-89.8341903687,41.7685432434,1.8210396764
60,30,-89.8169708252,41.7713050842,1.4606999374
60,31,-89.8015823364,41.7704391479,1.2798072365
60,32,-89.7904968262,41.7691001892,0.9313239641
60,33,-89.7824859619,41.7672996521,0.6938866457
60,34,-89.780632019,41.7645835876,0.3389011431
60,35,-89.7707519531,41.7568855286,1.185021811
60,36,-89.7645874023,41.7532653809,0.6507889117
60,37,-89.7528762817,41.7482910156,1.1179407696
60,38,-89.7417907715,41.7446784973,1.0035780227
60,39,-89.7251663208,41.7410850525,1.4359922176
60,40,-89.7067108154,41.7411117554,1.5312431881
60,41,-89.6925582886,41.7402229309,1.1783850254
60,42,-89.6728820801,41.742980957,1.6610645251
60,43,-89.6544342041,41.7461738586,1.5711633703
61,1,-90.3410110474,41.5365104675,61.632445879
61,2,-90.3617477417,41.5763206482,4.751079523
61,3,-90.3707199097,41.5809936523,0.9093704974
61,4,-90.3858413696,41.5888671875,1.5323878755
61,5,-90.5178756714,41.5919761658,10.9858998338
61,6,-90.563331604,41.5934257507,3.7835847196
61,7,-90.6247406006,41.5942611694,5.1075730331
61,8,-90.6591644287,41.5966796875,2.875193262
61,9,-90.9097976685,41.6332206726,21.2281399975
61,10,-91.1317062378,41.6387672424,18.4520077311
61,11,-91.2322235107,41.6537971497,8.5177156826
61,12,-91.3821640015,41.6535072327,12.4574240134
61,13,-91.5014572144,41.6771354675,10.251732429
61,14,-91.59324646,41.6843070984,7.6644434738
61,15,-91.6302032471,41.685508728,3.0718675529
62,1,-74.0735931396,41.5180397034,1457.4033982561
62,2,-74.0816040039,41.5479927063,3.396714846
62,3,-74.0945587158,41.6033630371,6.2504923121
62,4,-74.081741333,41.6701011658,7.4969973534
62,5,-74.0725479126,41.6932601929,2.6859595477
62,6,-74.0559921265,41.7459335327,6.0160323217
62,7,-74.0492553711,41.7890663147,4.8285797915
62,8,-74.0554428101,41.8276557922,4.3214906272
62,9,-74.0628585815,41.862159729,3.8855279775
62,10,-74.0511932373,41.9211997986,6.6355872767
62,11,-74.0401077271,41.9489021301,3.2139462659
62,12,-74.025932312,41.9865989685,4.3524503632
62,13,-74.0024719238,42.0742492676,9.9370226096
62,14,-73.9901123047,42.0924186707,2.2632202299
62,15,-73.9281692505,42.1964149475,12.6413563068
62,16,-73.8952941895,42.2327308655,4.8617613405
62,17,-73.8834838867,42.2558898926,2.7525638375
62,18,-73.869102478,42.3253822327,7.8172195326
62,19,-73.8442077637,42.3626098633,4.6175461477
62,20,-73.8049621582,42.4120826721,6.3758467819
62,21,-73.8004226685,42.4784164429,7.3853777197
62,22,-73.7941513062,42.4952201843,1.9379640884
62,23,-73.7875747681,42.613368988,13.1485869291
62,24,-73.8143081665,42.6315917969,2.9816621013
62,25,-73.8497314453,42.6761779785,5.7420693887
62,26,-73.8472213745,42.6829948425,0.7852814184
63,1,-88.1985092163,41.4909095764,1190.2169518979
63,2,-88.1819915771,41.5216064453,3.6800469965
63,3,-88.1686477661,41.578666687,6.4412438679
63,4,-88.157699585,41.6375732422,6.613053869
63,5,-88.0688476563,41.6865577698,9.1732123433
63,6,-87.9378509521,41.7436065674,12.5882824726
63,7,-87.9091186523,41.7623252869,3.1643655305
64,1,-75.6837310791,41.4819641113,1015.8312322486
64,2,-75.6450653076,41.6203231812,15.7176799587
64,3,-75.6863250732,41.6894645691,8.4177417251
64,4,-75.670463562,41.709236145,2.5627239017
64,5,-75.6817855835,41.7665405273,6.4408348723
64,6,-75.6826019287,41.8499984741,9.2803469219
64,7,-75.7202758789,41.8793144226,4.512105364
64,8,-75.7260284424,41.9469604492,7.5369413454
64,9,-75.7419281006,41.9952926636,5.5327063831
64,10,-75.7431793213,41.9979782104,0.3160137974
64,11,-75.7549819946,42.0232772827,2.9773455914
64,12,-75.781578064,42.0488090515,3.5895011151
64,13,-75.7975006104,42.0912857056,4.902639653
64,14,-75.8146057129,42.1069488525,2.2416595895
64,15,-75.8477172852,42.1191978455,3.0520422678
64,16,-75.8961257935,42.1248550415,4.0417577079
65,1,-90.3330383301,41.4326210022,1198.1581762643
65,2,-90.3327178955,41.4575881958,2.7763537297
65,3,-90.3410110474,41.5365104675,8.8028940552
66,1,-75.608001709,41.4254837036,1225.8991433941
66,2,-75.6382904053,41.4381790161,2.8929032788
66,3,-75.6434860229,41.4505157471,1.4385163147
66,4,-75.6640777588,41.4598884583,2.0077506485
66,5,-75.6837310791,41.4819641113,2.9507364073
67,1,-73.6015930176,41.3722038269,174.0199567903
67,2,-73.6087417603,41.4071731567,3.9338778048
67,3,-73.6738586426,41.4940414429,11.0795046126
67,4,-73.6841049194,41.5326538086,4.3774392169
67,5,-73.7202453613,41.5454406738,3.3270792995
67,6,-73.7717971802,41.5396461487,4.3385291932
67,7,-73.8932800293,41.5298156738,10.1705843488
67,8,-73.9368286133,41.5312080383,3.628324878
67,9,-73.9625930786,41.520324707,2.4626684676
67,10,-74.0312805176,41.5216903687,5.7204549667
67,11,-74.0735931396,41.5180397034,3.5460288222
68,1,-72.6979217529,41.7547988892,117.3149602817
68,2,-72.7790527344,41.7251701355,7.4944793978
68,3,-72.7934341431,41.7112350464,1.9559558153
68,4,-72.8224945068,41.6656494141,5.6139717069
68,5,-72.900718689,41.6154937744,8.5649360404
68,6,-72.9217987061,41.5625572205,6.141800386
68,7,-72.9349441528,41.5454177856,2.1974144892
68,8,-72.9583969116,41.5360794067,2.2109314745
68,9,-73.0239486694,41.5424957275,5.5022942638
68,10,-73.0766601563,41.5465126038,4.4094788067
68,11,-73.0984344482,41.5226097107,3.2170032345
68,12,-73.2211532593,41.4625892639,12.20715936
68,13,-73.2687683105,41.4215698242,6.0461989414
68,14,-73.2895507813,41.4253158569,1.7821719001
68,15,-73.3060531616,41.4285850525,1.4230810568
68,16,-73.4286727905,41.4142112732,10.3483281663
68,17,-73.4348144531,41.4115180969,0.5932912766
68,18,-73.4581756592,41.3998184204,2.3427636008
68,19,-73.469871521,41.391242981,1.3642022712
68,20,-73.4797286987,41.3826599121,1.2598043478
68,21,-73.543586731,41.3781280518,5.3516895796
68,22,-73.5525970459,41.3774871826,0.7551636621
68,23,-73.5795822144,41.3685035706,2.4633609511
68,24,-73.6015930176,41.3722038269,1.8822471696
69,1,-88.1985092163,41.4909095764,1215.5413081998
69,2,-88.2237625122,41.4843559265,2.2261525016
69,3,-88.2640609741,41.4588775635,4.3930921778
69,4,-88.3568572998,41.4424858093,7.9458421923
69,5,-88.4298782349,41.3945541382,8.091984785
69,6,-88.4569549561,41.3847923279,2.5060642791
69,7,-88.8445358276,41.3741950989,32.3591900011
69,8,-89.1297836304,41.3644447327,23.8280003245
69,9,-89.2087402344,41.3610191345,6.6004306506
69,10,-89.26927948,41.3733940125,5.2360789769
69,11,-89.3157577515,41.385723114,4.1131008512
69,12,-89.4038925171,41.3926315308,7.3924372
69,13,-89.4400024414,41.397644043,3.0632356377
69,14,-89.5006103516,41.4003791809,5.0644346797
69,15,-89.5624389648,41.3894729614,5.2980976668
69,16,-89.695892334,41.3929672241,11.1394322403
69,17,-89.7656173706,41.3760528564,6.1135459353
69,18,-89.9157562256,41.40832901,13.0284406786
69,19,-89.9849014282,41.4017333984,5.8133019601
69,20,-90.1006469727,41.4048728943,9.6599860117
69,21,-90.1952056885,41.4316253662,8.4272756027
69,22,-90.3330383301,41.4326210022,11.4912679348
70,1,-75.608001709,41.4254837036,1226.1607225536
70,2,-75.650932312,41.4002342224,4.5496815054
70,3,-75.7089233398,41.3592948914,6.6433099001
71,1,-75.6837310791,41.4819641113,13.8009912444
71,2,-75.6892700195,41.480682373,0.482926315
71,3,-75.6930007935,41.4789123535,0.3678738754
71,4,-75.7035903931,41.4722595215,1.1513406373
71,5,-75.7098312378,41.4678039551,0.7182164126
71,6,-75.7099456787,41.4637145996,0.4548155635
71,7,-75.7065048218,41.4541397095,1.1026149021
71,8,-75.701751709,41.4486236572,0.7301582394
71,9,-75.7056503296,41.4395942688,1.0552999108
71,10,-75.714553833,41.4270095825,1.584020537
71,11,-75.7202758789,41.4180221558,1.1074020829
71,12,-75.7230758667,41.4044380188,1.528428853
71,13,-75.7209014893,41.3935127258,1.2283006122
71,14,-75.7146377563,41.3752670288,2.0950491145
71,15,-75.7099761963,41.3661231995,1.0886174499
71,16,-75.7088165283,41.3633880615,0.3191602446
71,17,-75.7089233398,41.3592948914,0.4552270487
72,1,-75.608001709,41.4254837036,11.1822278923
72,2,-75.5953903198,41.416217804,1.4721888476
72,3,-75.5783538818,41.3896331787,3.2798471237
72,4,-75.5580291748,41.3938674927,1.7596310469
72,5,-75.4866943359,41.4036712646,6.0490866587
72,6,-75.4385757446,41.3956336975,4.111828423
72,7,-75.3957138062,41.3522872925,6.0018892585
72,8,-75.3008728027,41.348903656,7.9254959969
72,9,-75.2115859985,41.36460495,7.6540183174
72,10,-75.1273422241,41.3639221191,7.0309228503
72,11,-75.0025939941,41.3510093689,10.5104112476
72,12,-74.9711990356,41.3554954529,2.6675460165
72,13,-74.8570022583,41.3397789001,9.6915248269
72,14,-74.8385467529,41.3441696167,1.6162251112
72,15,-74.7980651855,41.3549079895,3.583890948
72,16,-74.7265396118,41.359954834,5.9960687989
72,17,-74.7030181885,41.362537384,1.9839500854
72,18,-74.6804656982,41.3642120361,1.8913193738
72,19,-74.6248779297,41.3749275208,4.7892488277
72,20,-74.5675048828,41.3951683044,5.28924737
72,21,-74.4684677124,41.4159889221,8.5781586958
72,22,-74.4256973267,41.4311141968,3.9428240918
72,23,-74.3651733398,41.4544487,5.6730327271
72,24,-74.2458953857,41.511013031,11.7595261236
72,25,-74.2048339844,41.5192565918,3.5395491096
72,26,-74.0735931396,41.5180397034,10.9274364969
73,1,-81.7893753052,41.4676094055,642.4531806128
73,2,-81.7841567993,41.432346344,3.9451216041
73,3,-81.8083572388,41.4169960022,2.6428739963
73,4,-81.8084487915,41.3483924866,7.6283667119
73,5,-81.8062591553,41.3325691223,1.7689484526
73,6,-81.8019256592,41.3218078613,1.25011404
74,1,-72.9109725952,41.2952766418,742.3048930983
74,2,-72.9115142822,41.3151016235,2.2049016941
74,3,-72.8858108521,41.3162384033,2.1503836587
74,4,-72.869140625,41.3260765076,1.7705175452
74,5,-72.8598327637,41.3722877502,5.1968641621
74,6,-72.8291397095,41.4146766663,5.3639240437
74,7,-72.7771682739,41.4804611206,8.5012490381
74,8,-72.7729492188,41.5112876892,3.4457215491
74,9,-72.759147644,41.5288619995,2.2669559071
74,10,-72.742401123,41.5391387939,1.8024528638
74,11,-72.6881027222,41.6216697693,10.2281602896
74,12,-72.671257019,41.667804718,5.3175158861
74,13,-72.6979217529,41.7547988892,9.9233051792
75,1,-81.663734436,41.479927063,745.6073121609
75,2,-81.6354370117,41.468120575,2.698439146
75,3,-81.6479797363,41.4000282288,7.6433822053
75,4,-81.6479492188,41.2746543884,13.9409352116
76,1,-81.8019256592,41.3218078613,13.8906155403
76,2,-81.7180175781,41.2905349731,7.8239841849
76,3,-81.6786117554,41.2863731384,3.3247816768
76,4,-81.6479492188,41.2746543884,2.8745296985
77,1,-81.4409255981,41.576461792,37.7381472554
77,2,-81.4417495728,41.5691680908,0.8139138905
77,3,-81.4417800903,41.5151062012,6.0114083913
77,4,-81.4774856567,41.473575592,5.4926747869
77,5,-81.4807739258,41.4557571411,2.0001771027
77,6,-81.5013580322,41.4187736511,4.456003991
77,7,-81.5116424561,41.3625793457,6.3071443588
77,8,-81.5475387573,41.2624282837,11.5327995368
78,1,-81.6479492188,41.2746543884,8.5014116963
78,2,-81.6046295166,41.2556152344,4.1942287823
78,3,-81.5722503662,41.2561950684,2.7074450829
78,4,-81.5475387573,41.2624282837,2.1787969217
79,1,-95.903465271,41.233341217,1198.8405876849
79,2,-95.8508987427,41.2409706116,4.4765857632
79,3,-95.8101730347,41.2648162842,4.3152642614
79,4,-95.7075805664,41.33826828,11.8386409996
79,5,-95.5984115601,41.4383239746,14.3778692254
79,6,-95.5799255371,41.4919967651,6.1637149652
79,7,-95.3510665894,41.4876365662,19.0685463738
79,8,-95.3010787964,41.4926452637,4.2007050317
79,9,-94.9698944092,41.4899177551,27.5864242173
79,10,-94.6780776978,41.487487793,24.3082472211
79,11,-94.6546554565,41.4779815674,2.2190616686
79,12,-94.57762146,41.4910697937,6.5798945385
79,13,-94.457862854,41.4898300171,9.975928244
79,14,-94.2568664551,41.4860954285,16.7472519355
79,15,-94.2126235962,41.5031661987,4.1450269238
79,16,-94.1035766602,41.5066719055,9.0891098754
79,17,-94.0788879395,41.5139160156,2.2079308397
79,18,-94.0220336914,41.5368347168,5.3754600097
79,19,-93.8494949341,41.5573501587,14.5386686435
79,20,-93.7840270996,41.5813522339,6.0651062458
80,1,-95.903465271,41.233341217,180.9403850474
80,2,-95.9060440063,41.2482223511,1.6686951934
80,3,-95.9101715088,41.2666625977,2.0792870857
80,4,-95.8788146973,41.2767906189,2.8523218705
80,5,-95.8713760376,41.2996406555,2.6157189111
80,6,-95.9229278564,41.352897644,7.3211840835
80,7,-95.9213256836,41.4899024963,15.2348302256
80,8,-95.9309082031,41.5476531982,6.4709537009
80,9,-95.9310760498,41.5909461975,4.8139821282
80,10,-96.0448913574,41.6640434265,12.4721296563
80,11,-96.0577545166,41.6882591248,2.8968523128
80,12,-96.057510376,41.7114257813,2.5760944112
80,13,-96.0525283813,41.7444992065,3.7007635267
80,14,-96.0603256226,41.7823753357,4.2609957976
80,15,-96.1108322144,41.8535308838,8.9509836027
80,16,-96.1215744019,41.8820991516,3.2988349524
80,17,-96.1223144531,41.9675979614,9.5072310298
80,18,-96.1384735107,42.0258903503,6.6179404186
80,19,-96.1878204346,42.1099472046,10.1957391377
80,20,-96.2383499146,42.1710700989,7.9718587037
80,21,-96.2613067627,42.2262458801,6.4201002181
80,22,-96.2804946899,42.2677307129,4.875796654
80,23,-96.3461837769,42.3594055176,11.536343694
80,24,-96.3819503784,42.4412651062,9.5644315451
80,25,-96.3840713501,42.4822883606,4.5648946376
80,26,-96.3973922729,42.4952659607,1.8098113786
80,27,-96.4123458862,42.4961433411,1.2298794443
80,28,-96.4509353638,42.497341156,3.1665903575
80,29,-96.4644012451,42.497756958,1.1049641489
80,30,-96.4892272949,42.5046653748,2.1753834067
80,31,-96.5111923218,42.549697876,5.3210623775
80,32,-96.6509170532,42.662525177,16.9754385684
80,33,-96.682472229,42.677520752,3.0718376352
80,34,-96.7005462646,42.6899337769,2.0218233396
80,35,-96.7298355103,42.7444610596,6.5182400004
80,36,-96.792678833,42.7721138,5.9814959584
80,37,-96.7970962524,42.7837562561,1.3438476419
80,38,-96.8019790649,43.0854530334,33.5495059874
80,39,-96.7997665405,43.2568588257,19.0602990394
80,40,-96.80103302,43.2989044189,4.6763807096
80,41,-96.8023376465,43.4728393555,19.3409698498
80,42,-96.7876205444,43.5405044556,7.6170593472
80,43,-96.774810791,43.6078147888,7.5553721516
81,1,-80.130607605,42.0264930725,1366.565905709
81,2,-80.165802002,41.9780883789,6.1177672281
81,3,-80.1763153076,41.8806343079,10.8712436808
81,4,-80.1710205078,41.8081054688,8.0767565175
81,5,-80.193611145,41.7549514771,6.2001737284
81,6,-80.203338623,41.6875190735,7.5414789711
81,7,-80.1861724854,41.6233596802,7.2753508115
81,8,-80.1701583862,41.5905570984,3.8828952304
81,9,-80.1734313965,41.5482749939,4.7094333899
81,10,-80.1527252197,41.4715156555,8.7076496223
81,11,-80.1657485962,41.42628479,5.145238692
81,12,-80.1534805298,41.3761177063,5.6713964161
81,13,-80.1639404297,41.264213562,12.4737959911
81,14,-80.1566543579,41.2335128784,3.4676794354
81,15,-80.1686477661,41.1946640015,4.4347585456
82,1,-111.9992828369,41.1603164673,2648.9318245177
82,2,-111.9922866821,41.1813926697,2.4156206514
82,3,-112.0032272339,41.2254447937,4.9831527633
82,4,-112.0011062622,41.2812576294,6.2086364293
82,5,-112.0428771973,41.3487739563,8.278436539
82,6,-112.0556716919,41.4283447266,8.9120135006
82,7,-112.0506515503,41.5345039368,11.8117710845
82,8,-112.0967025757,41.6403579712,12.3778660825
82,9,-112.1325454712,41.6735420227,4.7415571808
83,1,-74.1695251465,41.1163215637,3141.3559965645
83,2,-74.1762466431,41.1249351501,1.1110188824
83,3,-74.1697845459,41.2279434204,11.466758944
83,4,-74.1204223633,41.2915344238,8.1868006171
83,5,-74.0680160522,41.4563140869,18.8372520295
83,6,-74.0735931396,41.5180397034,6.8792787327
84,1,-104.8584899902,41.1087226868,2557.8501571587
84,2,-104.8494720459,41.1704940796,6.910055112
84,3,-104.8410797119,41.2340812683,7.1053478914
84,4,-104.8611450195,41.3773574829,16.0195074707
84,5,-104.8995666504,41.4624214172,9.9865083218
84,6,-104.9124984741,41.5145301819,5.8935020775
84,7,-104.9044647217,41.5572547913,4.7975881842
84,8,-104.8466110229,41.6448097229,10.8593002583
84,9,-104.8407440186,41.6679992676,2.6242239106
84,10,-104.8405227661,41.7011413574,3.6852780505
84,11,-104.8613052368,41.7409553528,4.751255811
84,12,-104.8585205078,41.7645835876,2.6374756801
84,13,-104.812828064,41.8048400879,5.8643083893
84,14,-104.8086624146,41.8171234131,1.4088016709
84,15,-104.943069458,41.9192886353,15.9035302896
84,16,-104.9516983032,41.9641838074,5.0428728166
84,17,-104.9634399414,42.0544776917,10.0869806155
84,18,-105.041267395,42.1760635376,14.9664067978
84,19,-105.0637359619,42.2285728455,6.1250713447
84,20,-105.0627059937,42.3235359192,10.5597520347
84,21,-105.0403900146,42.4077720642,9.5443822749
84,22,-105.0408935547,42.4413948059,3.7389067425
84,23,-105.1633529663,42.5548782349,16.1254208795
84,24,-105.2172698975,42.6475639343,11.2112506553
84,25,-105.2404785156,42.6905288696,5.1405197055
84,26,-105.3329467773,42.7314376831,8.8187822055
84,27,-105.3791732788,42.7336883545,3.7838764745
84,28,-105.4280395508,42.7427062988,4.1148833779
84,29,-105.4556121826,42.7478599548,2.3233403317
84,30,-105.5252685547,42.7925300598,7.5498488875
84,31,-105.5790557861,42.7955245972,4.4013778655
84,32,-105.6345062256,42.789390564,4.5757103352
84,33,-105.7937850952,42.8132133484,13.262061976
84,34,-105.8512878418,42.8137779236,4.690875388
84,35,-106.2023620605,42.82970047,28.6877059251
84,36,-106.3145980835,42.8586845398,9.7014378557
84,37,-106.3419036865,42.8709335327,2.6091636405
84,38,-106.3324584961,43.0544090271,20.4160160301
84,39,-106.3447341919,43.0833053589,3.3643027185
84,40,-106.3279495239,43.217830658,15.0203750699
84,41,-106.3755874634,43.3776321411,18.182523417
84,42,-106.4394760132,43.4911766052,13.6388151648
84,43,-106.5019378662,43.5769729614,10.7873587752
84,44,-106.6163711548,43.6444244385,11.8799628803
84,45,-106.6464538574,43.6697845459,3.7160112796
84,46,-106.6659622192,43.6994514465,3.6527950901
84,47,-106.665512085,43.720413208,2.3311223187
84,48,-106.6416473389,43.7910385132,8.0836960131
84,49,-106.6355361938,43.8626861572,7.9819234629
84,50,-106.6326599121,44.1006202698,26.4580670831
84,51,-106.6721038818,44.2292976379,14.6500946382
84,52,-106.6524276733,44.3135910034,9.5030168454
84,53,-106.6573181152,44.3568191528,4.8224620311
84,54,-106.6557388306,44.3819351196,2.7955879767
85,1,-80.8300247192,41.1024131775,2131.1093340849
85,2,-80.7531890869,41.1161956787,6.6172449179
85,3,-80.7333679199,41.1230583191,1.8273278201
85,4,-80.6761169434,41.1390190125,5.1128355929
85,5,-80.5574417114,41.1750602722,10.713259762
85,6,-80.5227584839,41.1762771606,2.9059930017
85,7,-80.4373321533,41.1792373657,7.1571712943
85,8,-80.3589859009,41.1905670166,6.6762672326
85,9,-80.311706543,41.1838989258,4.0252637022
85,10,-80.2528533936,41.1928787231,5.0250103142
85,11,-80.1686477661,41.1946640015,7.0485064654
86,1,-81.5475387573,41.2624282837,115.5588903814
86,2,-81.411605835,41.2484931946,11.4683074215
86,3,-81.3695831299,41.2515869141,3.5299307734
86,4,-81.2253112793,41.2404289246,12.1256164205
86,5,-81.0097885132,41.2342948914,18.0342529422
86,6,-80.9845352173,41.2299766541,2.1656733955
86,7,-80.9587097168,41.2138633728,2.8063620321
86,8,-80.8531646729,41.1272315979,13.0706150166
86,9,-80.8300247192,41.1024131775,3.372489905
87,1,-74.0580215454,41.0948638916,567.3121263794
87,2,-74.0749893188,41.0996284485,1.5173280027
87,3,-74.1030654907,41.1209335327,3.3384274901
87,4,-74.1366043091,41.1222648621,2.8132721795
87,5,-74.1695251465,41.1163215637,2.8357867277
88,1,-75.7089233398,41.3592948914,131.5217759908
88,2,-75.7104415894,41.3479728699,1.2653133203
88,3,-75.7167434692,41.34034729,0.9978679391
88,4,-75.7323303223,41.3283081055,1.867008986
88,5,-75.7480010986,41.3130950928,2.138728985
88,6,-75.7574539185,41.3018798828,1.4760119089
88,7,-75.7618789673,41.2960395813,0.7472512596
88,8,-75.7656860352,41.2901878357,0.7242615068
88,9,-75.7682876587,41.283870697,0.7352991518
88,10,-75.7692718506,41.268901825,1.6664934005
88,11,-75.7713470459,41.2589454651,1.1206017818
88,12,-75.777053833,41.2508506775,1.0187056699
88,13,-75.7821121216,41.2436561584,0.9048924154
88,14,-75.7926712036,41.2369880676,1.1529239426
88,15,-75.8026885986,41.226688385,1.4189367262
88,16,-75.8095703125,41.2199668884,0.9433242678
88,17,-75.8121643066,41.2136497498,0.7351797079
88,18,-75.8135070801,41.2082252502,0.6135462146
88,19,-75.8135986328,41.2045936584,0.403887216
88,20,-75.8112182617,41.2018356323,0.3656634593
88,21,-75.8052902222,41.1944999695,0.9546441787
88,22,-75.7987670898,41.1862449646,1.0679441059
88,23,-75.794593811,41.1821098328,0.577399573
88,24,-75.7929153442,41.1757392883,0.7221662288
88,25,-75.7936706543,41.1698455811,0.658392527
88,26,-75.7956237793,41.1644287109,0.6241221441
88,27,-75.7957687378,41.1589775085,0.6062675017
88,28,-75.7952423096,41.1548919678,0.4564242206
88,29,-75.7941589355,41.1498832703,0.5642798148
88,30,-75.7894897461,41.1407470703,1.0885359687
88,31,-75.7823562622,41.132938385,1.0539466239
88,32,-75.7740707397,41.1223869324,1.3631413342
88,33,-75.7616195679,41.1081466675,1.8961267259
88,34,-75.7520904541,41.0989303589,1.2991191788
88,35,-75.7425460815,41.090637207,1.2206833791
88,36,-75.7317504883,41.0836715698,1.191015912
88,37,-75.7214508057,41.0808067322,0.9201687104
88,38,-75.7124633789,41.0747871399,1.0077386764
88,39,-75.700378418,41.070526123,1.1183735124
89,1,-73.8300018311,41.0632362366,156.8014835558
89,2,-73.8507080078,41.0682563782,1.8234692075
89,3,-73.9347839355,41.0864715576,7.3326375868
89,4,-73.9878082275,41.0928421021,4.4998399512
89,5,-74.0524215698,41.0932884216,5.4149076246
89,6,-74.0580215454,41.0948638916,0.5009104082
90,1,-76.0079345703,41.0527153015,163.516889968
90,2,-75.9694595337,41.0567970276,3.2579060576
90,3,-75.8888778687,41.0630760193,6.7922298539
90,4,-75.8640365601,41.0568618774,2.1944097749
90,5,-75.7939376831,41.0582008362,5.8794366186
90,6,-75.700378418,41.070526123,7.962640461
91,1,-75.7089233398,41.3592948914,32.1175759249
91,2,-75.7337493896,41.3451194763,2.6035817716
91,3,-75.7890701294,41.2841453552,8.204604813
91,4,-75.8226852417,41.2591705322,3.9502408072
91,5,-75.8978118896,41.20703125,8.5486458468
91,6,-75.9096374512,41.1971969604,1.474654831
91,7,-75.9557876587,41.1805267334,4.2836324209
91,8,-75.9730987549,41.0858840942,10.6231778045
91,9,-76.0079345703,41.0527153015,4.7043834427
92,1,-81.6479492188,41.2746543884,472.6930329031
92,2,-81.61693573,41.1312255859,16.1582314805
92,3,-81.6044158936,41.1152801514,2.0599695583
92,4,-81.5673217773,41.0964813232,3.7454921642
92,5,-81.5019226074,41.051322937,7.434248897
93,1,-80.8300247192,41.1024131775,56.6054282598
93,2,-80.8524398804,41.0990982056,1.9140281658
93,3,-81.1723556519,41.1157264709,26.8671759484
93,4,-81.231880188,41.1103668213,5.0222001949
93,5,-81.341758728,41.1111946106,9.2059376
93,6,-81.4012908936,41.073059082,6.5476095655
93,7,-81.4683151245,41.0501060486,6.171852546
93,8,-81.5019226074,41.051322937,2.8214111933
94,1,-73.7344436646,41.0354003906,651.2039645248
94,2,-73.7355880737,41.0544586182,2.1213503138
94,3,-73.7184371948,41.0766525269,2.856176773
94,4,-73.7151184082,41.0873374939,1.2202422561
94,5,-73.7087478638,41.1078453064,2.3420141175
94,6,-73.6974334717,41.1442108154,4.1532268187
94,7,-73.691696167,41.2013702393,6.3739530138
94,8,-73.6725006104,41.2594032288,6.6496379169
94,9,-73.6575927734,41.3097381592,5.7339271659
94,10,-73.6015930176,41.3722038269,8.3726686538
95,1,-73.8300018311,41.0632362366,39.3101925655
95,2,-73.8220825195,41.0614128113,0.694227036
95,3,-73.7782821655,41.0395622253,4.4038091466
95,4,-73.7344436646,41.0354003906,3.7058372619
96,1,-81.5019226074,41.051322937,651.2039645248
96,2,-81.5659790039,41.0306777954,5.8421837349
96,3,-81.5970077515,41.0296859741,2.6050714146
96,4,-81.6671981812,41.0310440063,5.8895937145
96,5,-81.7214126587,41.0406150818,4.6700801899
96,6,-81.861114502,41.0318260193,11.7580010409
96,7,-81.8696594238,41.0319862366,0.7169629232
97,1,-104.8584899902,41.1087226868,1921.5514773618
97,2,-104.8079452515,41.1144981384,4.2829382527
97,3,-104.7571105957,41.1506576538,5.8559635405
97,4,-104.7108306885,41.1595458984,3.998713297
97,5,-104.2544250488,41.1567306519,38.2107023578
97,6,-104.1585998535,41.141910553,8.1908771638
97,7,-104.101272583,41.149684906,4.8774593231
97,8,-104.0774993896,41.1714820862,3.1361268664
97,9,-104.0543136597,41.1742172241,1.9643192541
97,10,-104.0522232056,41.1743202209,0.1753404324
97,11,-103.7575454712,41.1885452271,24.7117853604
97,12,-103.6574401855,41.2115478516,8.7571359925
97,13,-103.6276855469,41.2174949646,2.5752150257
97,14,-103.3599853516,41.2107772827,22.4046704627
97,15,-103.3321304321,41.1962013245,2.8385619432
97,16,-103.2055892944,41.1893386841,10.6156597662
97,17,-103.1436462402,41.177444458,5.3498234709
97,18,-103.0987625122,41.1630363464,4.0842363459
97,19,-103.0135650635,41.1177787781,8.7307702784
97,20,-102.9696121216,41.1155662537,3.6901986667
97,21,-102.6220092773,41.1154670715,29.1195862665
97,22,-102.5865325928,41.1085128784,3.0710800629
97,23,-102.4186477661,41.0458526611,15.7027801349
97,24,-102.1978912354,41.0232048035,18.6866173995
97,25,-102.1424102783,41.0157814026,4.7272034355
98,1,-73.6889190674,40.9999084473,2376.8314960218
98,2,-73.7180480957,41.0235671997,3.5908537557
98,3,-73.7344436646,41.0354003906,1.9033526228
99,1,-111.4318695068,40.9627532959,3138.501708244
99,2,-111.4068222046,40.9711990356,2.3031810543
99,3,-111.2172698975,41.0677261353,19.1857683805
99,4,-111.1713256836,41.0992774963,5.2092952183
99,5,-111.1197891235,41.1460075378,6.7553974031
99,6,-111.0678482056,41.2186164856,9.1695156067
99,7,-111.0508422852,41.2313117981,2.0038889256
99,8,-111.044342041,41.2361679077,0.7661794384
99,9,-110.9914932251,41.2619285583,5.2655644674
99,10,-110.9595489502,41.2655029297,2.6994252028
99,11,-110.8798751831,41.2678260803,6.6640975815
99,12,-110.8195419312,41.2816810608,5.272112558
99,13,-110.7623291016,41.3122634888,5.8658922775
99,14,-110.7191009521,41.3138618469,3.614788019
99,15,-110.6902542114,41.3011779785,2.791916289
99,16,-110.5783843994,41.2990570068,9.3481996141
99,17,-110.4133834839,41.342300415,14.5941557177
99,18,-110.3365936279,41.3543128967,6.5477131379
99,19,-110.2987670898,41.3702545166,3.620516764
99,20,-110.1993331909,41.3901405334,8.5857923888
99,21,-110.0444335938,41.4725112915,15.8320931165
99,22,-109.9937515259,41.5117607117,6.071817132
99,23,-109.9107666016,41.5474967957,7.969199647
99,24,-109.6261825562,41.547542572,23.6827722853
99,25,-109.5811538696,41.5608901978,4.0301004351
99,26,-109.5137634277,41.5638084412,5.6162564881
99,27,-109.4673156738,41.5435142517,4.4755168519
99,28,-109.4232254028,41.5376472473,3.7270792727
99,29,-109.3793258667,41.5422019958,3.6886372197
99,30,-109.2697525024,41.5804023743,10.0576273819
99,31,-109.2429275513,41.599697113,3.0951372195
99,32,-109.2173538208,41.6030235291,2.1583748527
99,33,-109.167640686,41.6045570374,4.1369873117
99,34,-109.0050506592,41.6623077393,14.9608262018
99,35,-108.9886322021,41.6738586426,1.8733852045
99,36,-108.9471130371,41.6786384583,3.4890120168
99,37,-108.8640213013,41.7054367065,7.5153241349
99,38,-108.8126983643,41.7023620605,4.2743885262
99,39,-108.6546783447,41.6499977112,14.3577161641
99,40,-108.5021438599,41.64087677,12.7150260185
99,41,-108.2758483887,41.641330719,18.8048472636
99,42,-107.9714279175,41.6838607788,25.7267832493
99,43,-107.8949432373,41.7112236023,7.0414681331
99,44,-107.7940750122,41.7128448486,8.3746926276
99,45,-107.7304229736,41.7310562134,5.657561712
99,46,-107.6286315918,41.7499351501,8.7026214279
99,47,-107.5702667236,41.7524757385,4.8499642901
99,48,-107.3739624023,41.7932052612,16.8974131467
99,49,-107.3352050781,41.7814903259,3.4673474284
99,50,-107.2760009766,41.7798347473,4.9125455006
99,51,-107.2326431274,41.7745666504,3.6427551595
99,52,-107.1913909912,41.7883148193,3.7465839134
99,53,-107.1542053223,41.7969551086,3.2290332315
99,54,-107.097869873,41.790599823,4.7234383004
99,55,-107.0757904053,41.7788619995,2.2483046681
99,56,-106.986000061,41.7673492432,7.5553700211
99,57,-106.9068603516,41.7446289063,7.0340005217
99,58,-106.8348922729,41.7457847595,5.9721418429
99,59,-106.3874282837,41.7276077271,37.1832498223
99,60,-106.3413009644,41.6912155151,5.5710634733
99,61,-106.3074874878,41.6355209351,6.8001807478
99,62,-106.2853469849,41.6159324646,2.8514755747
99,63,-106.1411895752,41.5820960999,12.5636626791
99,64,-106.0507507324,41.4918556213,12.5438961304
99,65,-105.9678039551,41.4636459351,7.5888091353
99,66,-105.82396698,41.3768005371,15.397956068
99,67,-105.772857666,41.3648109436,4.4683858594
99,68,-105.7055053711,41.3634529114,5.6228842367
99,69,-105.6440353394,41.3520050049,5.2860203819
99,70,-105.6119308472,41.3129234314,5.105910778
99,71,-105.5927047729,41.3009109497,2.0888094948
99,72,-105.5265655518,41.2962684631,5.5492386358
99,73,-105.4649429321,41.27293396,5.7657816382
99,74,-105.4479293823,41.2481651306,3.0996542805
99,75,-105.4378814697,41.2047119141,4.9043044602
99,76,-105.411605835,41.1732368469,4.1332090483
99,77,-105.3284759521,41.1341934204,8.2029861985
99,78,-105.2279586792,41.1066131592,8.9610847161
99,79,-105.1107330322,41.0967979431,9.8828145279
99,80,-104.9177246094,41.116027832,16.311817942
99,81,-104.8584899902,41.1087226868,5.0285188204
100,1,-111.4318695068,40.9627532959,551.4459978082
100,2,-111.4813690186,41.0158119202,7.2159193545
100,3,-111.5474777222,41.0681915283,8.0412834543
100,4,-111.5692749023,41.0704841614,1.8449881605
100,5,-111.6417617798,41.0562820435,6.2790669719
100,6,-111.676902771,41.0595703125,2.9690347193
100,7,-111.7290878296,41.0962715149,5.9823011514
100,8,-111.7657699585,41.1368675232,5.4607323559
100,9,-111.7989730835,41.1504936218,3.1663644517
100,10,-111.9066085815,41.1321144104,9.2421507199
100,11,-111.9459075928,41.1377677917,3.3507037947
100,12,-111.9992828369,41.1603164673,5.1243925064
101,1,-76.0079345703,41.0527153015,2993.6548070654
101,2,-76.0887908936,41.0313987732,7.1834443288
101,3,-76.1464538574,41.0093536377,5.4231921565
101,4,-76.1956253052,41.0175819397,4.2258552869
101,5,-76.2512435913,41.0058898926,4.8443635208
101,6,-76.3603973389,41.0345687866,9.6967291967
101,7,-76.4792938232,41.0265007019,10.0134227963
101,8,-76.715423584,40.9841880798,20.3653048865
101,9,-76.8372268677,41.0451965332,12.266100151
101,10,-76.8846969604,41.0499687195,4.0160186999
101,11,-76.9277954102,41.0683288574,4.1504003624
101,12,-76.9685592651,41.0753250122,3.5045993015
101,13,-77.0648498535,41.0711631775,8.0849628068
101,14,-77.1033554077,41.0513305664,3.9096932648
101,15,-77.1478424072,41.0464744568,3.7694484209
101,16,-77.2068786621,41.0597801208,5.1666865722
101,17,-77.3208312988,41.0549964905,9.5693541635
101,18,-77.4098052979,41.066860199,7.5755242546
101,19,-77.4457778931,41.0627861023,3.04967966
101,20,-77.4829177856,41.0342292786,4.4478068874
101,21,-77.5498886108,41.0201721191,5.8312623721
101,22,-77.6307830811,40.970664978,8.7405156037
101,23,-77.7122802734,40.9401283264,7.6398939951
101,24,-77.7341918945,40.9428100586,1.8644531712
101,25,-77.7847671509,40.9644813538,4.8832358862
101,26,-77.8341140747,40.9825286865,4.6032982559
101,27,-77.8731918335,41.0087394714,4.3875095223
101,28,-77.933555603,41.0162391663,5.1329552273
101,29,-78.0458068848,40.973197937,10.566844884
101,30,-78.0907592773,40.9630126953,3.9404860695
101,31,-78.1176681519,40.9787712097,2.8590841519
101,32,-78.2175445557,40.9855041504,8.4172471936
101,33,-78.3628463745,41.0218086243,12.8439238152
101,34,-78.4920654297,41.0698432922,12.0813210122
101,35,-78.5320205688,41.0922012329,4.1708280917
101,36,-78.5756378174,41.1159057617,4.5059340952
101,37,-78.6793823242,41.1213531494,8.7116207716
101,38,-78.7971496582,41.1555786133,10.5710394607
101,39,-78.9115371704,41.1416893005,9.701426793
101,40,-78.9467086792,41.1313171387,3.1632187515
101,41,-78.994392395,41.1357498169,4.0237957709
101,42,-79.0260543823,41.160320282,3.8069314548
101,43,-79.0542831421,41.1667785645,2.4697752536
101,44,-79.1014709473,41.1752738953,4.0610939405
101,45,-79.2275085449,41.1881637573,10.6447795365
101,46,-79.2529220581,41.1782798767,2.3939483899
101,47,-79.2965393066,41.1663398743,3.884689313
101,48,-79.3426208496,41.1779327393,4.0667499791
101,49,-79.3945922852,41.1803398132,4.3577888006
101,50,-79.4296875,41.1911621094,3.1738529093
101,51,-79.4908828735,41.1975097656,5.1687562059
101,52,-79.5484313965,41.1825408936,5.0950581474
101,53,-79.5785598755,41.1902351379,2.6624254554
101,54,-79.6150665283,41.1860084534,3.0908148874
101,55,-79.6475982666,41.1918182373,2.797824226
101,56,-79.6972427368,41.1782684326,4.4192105807
101,57,-79.7375030518,41.1580543518,4.050815999
101,58,-79.8259887695,41.1945991516,8.4474153468
101,59,-79.873260498,41.1837387085,4.1358641517
101,60,-79.9282608032,41.202205658,5.0394157727
101,61,-79.9801940918,41.2016372681,4.3453161059
101,62,-80.0318374634,41.1952018738,4.3796863983
101,63,-80.1083297729,41.1995658875,6.4183334126
101,64,-80.1686477661,41.1946640015,5.0760596366
102,1,-74.0580215454,41.0948638916,511.6901628478
102,2,-74.0603408813,41.049156189,5.0861820795
102,3,-74.0629119873,41.033870697,1.713292722
102,4,-74.0641937256,41.0194168091,1.6107914715
102,5,-74.0654373169,41.0058364868,1.513663545
102,6,-74.0662765503,40.9876747131,2.0207249056
102,7,-74.0672225952,40.9681243896,2.1753469973
102,8,-74.0709152222,40.9554595947,1.4419912602
102,9,-74.0689315796,40.9467544556,0.9821980933
102,10,-74.0710296631,40.9413528442,0.6259489744
102,11,-74.0727386475,40.9309654236,1.1639154932
102,12,-74.0784835815,40.9256591797,0.7622807335
102,13,-74.0886383057,40.9159736633,1.3739895443
102,14,-74.1018066406,40.9081497192,1.4076011934
102,15,-74.1119537354,40.9002304077,1.225833148
103,1,-74.1695251465,41.1163215637,24.5090322882
103,2,-74.171333313,41.1090621948,0.8212956281
103,3,-74.1712265015,41.1068916321,0.2415214061
103,4,-74.1701583862,41.0856170654,2.3673165175
103,5,-74.226600647,41.0257949829,8.1636779984
103,6,-74.2606048584,41.0017204285,3.912283094
103,7,-74.2697525024,40.9347457886,7.4867396029
103,8,-74.2615890503,40.9136543274,2.4434952482
103,9,-74.3640441895,40.9080505371,8.6321599676
103,10,-74.4178161621,40.8884887695,5.0156949261
103,11,-74.4222488403,40.8704376221,2.0414990154
103,12,-74.4210205078,40.8567886353,1.5212091397
104,1,-75.700378418,41.070526123,110.0192799451
104,2,-75.6384277344,41.0855293274,5.454140313
104,3,-75.574508667,41.0823059082,5.3692218289
104,4,-75.4094848633,41.0760803223,13.8494341478
104,5,-75.3373794556,41.0612754822,6.2649231219
104,6,-75.3184890747,41.0219192505,4.6541570378
104,7,-75.2840423584,40.9940872192,4.2346375136
104,8,-75.2414245605,40.97473526,4.1746467185
104,9,-75.206413269,40.9654960632,3.1138344434
104,10,-75.1502838135,40.9880638123,5.3385828118
104,11,-75.1376419067,40.9794654846,1.4283513309
104,12,-75.1139678955,40.9633522034,2.6759528815
104,13,-75.0938873291,40.9275627136,4.3222392208
104,14,-75.0635070801,40.90883255,3.2945031759
104,15,-75.0424957275,40.900718689,1.9829534307
104,16,-74.9952774048,40.9116172791,4.1491165529
104,17,-74.9450378418,40.9047203064,4.2910546329
104,18,-74.8928985596,40.9168243408,4.5835012434
104,19,-74.8215637207,40.9053344727,6.1291179613
104,20,-74.7677841187,40.9119224548,4.5784125716
104,21,-74.7227020264,40.8827934265,4.9848694731
104,22,-74.6935424805,40.8821563721,2.452446896
104,23,-74.6678848267,40.8852157593,2.1836440387
104,24,-74.6350402832,40.9003753662,3.2347240939
104,25,-74.5830612183,40.9073562622,4.4368630355
104,26,-74.5192108154,40.9067840576,5.3662427776
104,27,-74.4858627319,40.9041900635,2.8173800639
104,28,-74.4632034302,40.8795890808,3.3332860485
104,29,-74.4433898926,40.8595962524,2.7781021073
104,30,-74.4210205078,40.8567886353,1.906997057
105,1,-74.1119537354,40.9002304077,26.429758655
105,2,-74.0837020874,40.8904418945,2.612198485
105,3,-74.0456848145,40.8563079834,4.9622307552
105,4,-74.0130462646,40.8580627441,2.7518755532
106,1,-74.4210205078,40.8567886353,34.3113627063
106,2,-74.3852539063,40.8545608521,3.0182742896
106,3,-74.3637619019,40.8594779968,1.8883994317
106,4,-74.3263168335,40.8671875,3.2634970896
106,5,-74.2849884033,40.8938331604,4.5663001179
106,6,-74.2567825317,40.8990058899,2.4395256264
106,7,-74.2059555054,40.9054450989,4.3313102935
106,8,-74.1682662964,40.8921966553,3.4935190236
106,9,-74.1574630737,40.9019050598,1.4106291911
106,10,-74.1119537354,40.9002304077,3.8293949937
107,1,-73.9046401978,40.8428344727,18.5631857595
107,2,-73.871055603,40.9376144409,10.9106149643
107,3,-73.8612976074,40.9588890076,2.5035593902
107,4,-73.8312835693,41.0378341675,9.1325302891
107,5,-73.8300018311,41.0632362366,2.8266253975
108,1,-74.0130462646,40.8580627441,27.5087847404
108,2,-74.0037536621,40.8683052063,1.3812243117
108,3,-73.9825592041,40.8722038269,1.834100883
108,4,-73.9613265991,40.8589057922,2.3182687538
108,5,-73.9403457642,40.8575706482,1.7707252356
108,6,-73.9228439331,40.8564529419,1.4771708723
108,7,-73.9046401978,40.8428344727,2.1534838084
109,1,-74.0159835815,40.8354454041,9.4026565277
109,2,-74.0130462646,40.8580627441,2.5270406982
110,1,-73.8214492798,40.830947876,16.3962593445
110,2,-73.8657608032,40.8432502747,3.9708648653
110,3,-73.9046401978,40.8428344727,3.2708382516
111,1,-111.9121551514,40.783870697,3172.973436126
111,2,-111.8969497681,40.8177871704,3.9825998653
111,3,-111.8938903809,40.8349266052,1.923124366
111,4,-111.8766784668,40.9132804871,8.8319262015
111,5,-111.8785247803,40.9719619751,6.5269263039
111,6,-111.9114532471,41.0055389404,4.6452562492
111,7,-111.9518661499,41.054397583,6.4036800737
111,8,-112.0116577148,41.1149101257,8.389747555
111,9,-112.0163650513,41.125995636,1.2941860458
111,10,-111.9992828369,41.1603164673,4.0755689747
112,1,-73.9059677124,40.7534713745,3173.275380818
112,2,-73.9089813232,40.7684440613,1.6841232337
112,3,-73.9151153564,40.806892395,4.3063368193
112,4,-73.9052658081,40.8265037537,2.3328956285
112,5,-73.9046401978,40.8428344727,1.8166557031
113,1,-74.1071624756,40.7462234497,20.1508370851
113,2,-74.0267486572,40.801700592,9.160008646
113,3,-74.0159835815,40.8354454041,3.8600548752
114,1,-74.0159835815,40.8354454041,0
114,2,-74.0313186646,40.8286552429,1.4948805308
114,3,-74.0418548584,40.8230705261,1.0823877471
114,4,-74.052986145,40.8188514709,1.0475872307
114,5,-74.0640640259,40.8155326843,1.0026135931
114,6,-74.0734100342,40.810798645,0.9464329794
114,7,-74.080368042,40.8050918579,0.8634909795
114,8,-74.0873413086,40.7993812561,0.8647081759
114,9,-74.0946121216,40.7877731323,1.4285327786
114,10,-74.0976104736,40.7765007019,1.2786070985
114,11,-74.1042404175,40.7552680969,2.4260839862
114,12,-74.1071624756,40.7462234497,1.0354019564
115,1,-111.9121551514,40.783870697,3158.6849429017
115,2,-111.7498016357,40.7354698181,14.6952411515
115,3,-111.7099990845,40.7478981018,3.6268883748
115,4,-111.66040802,40.7367362976,4.3583598541
115,5,-111.5705337524,40.7442817688,7.6181961581
115,6,-111.5324478149,40.7181129456,4.3319650649
115,7,-111.507484436,40.7188529968,2.1054548112
115,8,-111.4786529541,40.7303237915,2.7440702487
115,9,-111.4479675293,40.7498855591,3.3785870367
115,10,-111.4140472412,40.787021637,5.0210984395
115,11,-111.3769989014,40.8171958923,4.5806110879
115,12,-111.3790893555,40.8445510864,3.0468394091
115,13,-111.4318695068,40.9627532959,13.8718158911
116,1,-74.1119537354,40.9002304077,3110.8251233364
116,2,-74.124961853,40.8946838379,1.255294859
116,3,-74.1385498047,40.8909492493,1.2153012473
116,4,-74.1473007202,40.8857383728,0.9364109621
116,5,-74.1560287476,40.8814201355,0.8768947676
116,6,-74.1617965698,40.8747711182,0.884180631
116,7,-74.1656417847,40.8567428589,2.0305610857
116,8,-74.1714096069,40.8369407654,2.2547079821
116,9,-74.1788406372,40.8212394714,1.8544779268
116,10,-74.1840362549,40.8145599365,0.8618631165
116,11,-74.1885757446,40.8087692261,0.7487046382
116,12,-74.1943969727,40.8016433716,0.9316067309
116,13,-74.1990432739,40.7935752869,0.9786781433
116,14,-74.2074508667,40.7820053101,1.4683886979
116,15,-74.2154006958,40.7681350708,1.681313025
116,16,-74.2250213623,40.7565994263,1.5171909521
116,17,-74.2392578125,40.7378845215,2.4018472552
116,18,-74.2457351685,40.7285346985,1.1742003946
116,19,-74.2520217896,40.7237167358,0.7534281771
116,20,-74.2673339844,40.7077445984,2.1953817055
117,1,-74.1671142578,40.6974334717,8.525709363
117,2,-74.1418304443,40.7190055847,3.2086967989
117,3,-74.1187820435,40.7297935486,2.2828553888
117,4,-74.1071624756,40.7462234497,2.0726894488
118,1,-74.2673339844,40.7077445984,14.1590411917
118,2,-74.176071167,40.7003898621,7.7363950027
118,3,-74.1671142578,40.6974334717,0.82354231
119,1,-80.1686477661,41.1946640015,506.9796687072
119,2,-80.1213302612,41.02318573,19.4752611245
119,3,-80.1344909668,40.9666137695,6.3867492197
119,4,-80.1324310303,40.9603004456,0.7230038196
119,5,-80.102722168,40.8488540649,12.6412919635
119,6,-80.1179656982,40.7845573425,7.2636389842
119,7,-80.0904006958,40.7102279663,8.5850547579
119,8,-80.0919113159,40.6679840088,4.6990402122
120,1,-80.8300247192,41.1024131775,78.6361167442
120,2,-80.7783508301,41.066986084,5.8544670905
120,3,-80.7615661621,41.0465240479,2.6753539672
120,4,-80.7422332764,41.0370292664,1.9348233924
120,5,-80.7165527344,41.0217933655,2.7405301429
120,6,-80.6618041992,40.9691429138,7.4422427213
120,7,-80.6433944702,40.965965271,1.5855736032
120,8,-80.6195297241,40.9497718811,2.6941200984
120,9,-80.5716781616,40.9414138794,4.125065602
120,10,-80.5213012695,40.91664505,5.049427294
120,11,-80.4827957153,40.8976898193,3.8618309729
120,12,-80.4222717285,40.8900184631,5.1583550717
120,13,-80.3855667114,40.8395652771,6.4031782711
120,14,-80.343421936,40.8182525635,4.2649758056
120,15,-80.2595062256,40.7860984802,7.9166494978
120,16,-80.1091461182,40.6916809082,16.453066376
120,17,-80.0919113159,40.6679840088,3.0092036097
121,1,-102.1424102783,41.0157814026,1850.368604366
121,2,-102.0093078613,41.0504112244,11.8097317015
121,3,-101.7176589966,41.1061401367,25.2192091048
121,4,-101.6554946899,41.1162147522,5.3271318661
121,5,-101.3756332397,41.1044502258,23.4830348115
121,6,-101.25,41.11561203,10.5984279462
121,7,-101.2096710205,41.1345825195,3.9825057983
121,8,-101.126701355,41.1384506226,6.9616621608
121,9,-100.9473876953,41.1355323792,15.0201640156
121,10,-100.7591171265,41.1155204773,15.9257373067
121,11,-100.7031860352,41.1011161804,4.9521779015
121,12,-100.6507110596,41.1048622131,4.4164921041
121,13,-100.4781036377,41.0242004395,17.0251554681
121,14,-100.3980865479,41.0003967285,7.2166850314
121,15,-100.3318939209,40.9902763367,5.6681042326
121,16,-100.1628189087,40.9173774719,16.3496054882
121,17,-100.1129074097,40.8887176514,5.2679744894
121,18,-99.9892730713,40.8423919678,11.6026772671
121,19,-99.8124313354,40.7680358887,17.0265264632
121,20,-99.7383728027,40.7443466187,6.7712787643
121,21,-99.6362686157,40.704788208,9.6634414732
121,22,-99.5299072266,40.6918373108,9.0814704049
121,23,-99.3807678223,40.6916999817,12.5741162054
121,24,-99.0801849365,40.6695404053,25.4661895249
121,25,-99.0342254639,40.6663856506,3.892118606
121,26,-98.939491272,40.6881027222,8.3458778897
121,27,-98.6717071533,40.728263855,23.0091254842
121,28,-98.4340820313,40.8216781616,22.5448308418
121,29,-98.3749160767,40.8270454407,5.0140528469
121,30,-98.2784729004,40.8232765198,8.1257448038
121,31,-97.9934768677,40.8234519958,23.9808102398
121,32,-97.5944671631,40.8186340332,33.5798417902
121,33,-97.1034851074,40.8166770935,41.3174526898
121,34,-97.038444519,40.8166847229,5.4733510126
121,35,-96.935218811,40.8148422241,8.6892730932
121,36,-96.8261642456,40.8276824951,9.2870264207
121,37,-96.7578964233,40.8210601807,5.7912716407
121,38,-96.7077484131,40.8614196777,6.159231265
121,39,-96.6735839844,40.8896522522,4.2551704856
121,40,-96.6404953003,40.8929328918,2.8051930525
121,41,-96.5620574951,40.8917312622,6.5945855043
121,42,-96.4929504395,40.9049377441,5.9911507948
121,43,-96.4119262695,40.9480667114,8.3268094621
121,44,-96.3692092896,40.9827003479,5.2626197189
121,45,-96.3057632446,41.0082969666,6.0377041855
121,46,-96.2829208374,41.0700683594,7.1308360921
121,47,-96.1429138184,41.1537780762,14.9739544399
121,48,-96.1021728516,41.1911468506,5.3753177583
121,49,-96.0960845947,41.2067985535,1.8134016295
121,50,-96.0847320557,41.2272262573,2.4619466605
121,51,-95.9775009155,41.2294540405,8.9709977359
121,52,-95.9362182617,41.2331161499,3.4761831642
121,53,-95.9137496948,41.2374687195,1.9401484338
121,54,-95.903465271,41.233341217,0.9747839122
122,1,-74.4210205078,40.8567886353,1797.4647173709
122,2,-74.4333190918,40.8253173828,3.6491728492
122,3,-74.4487991333,40.7902908325,4.1069117594
122,4,-74.4554443359,40.7768440247,1.5964662174
122,5,-74.515586853,40.7469749451,6.0571149926
122,6,-74.5367126465,40.7206916809,3.421964352
122,7,-74.6029891968,40.6727294922,7.7241137163
122,8,-74.6408309937,40.6513557434,3.979540791
122,9,-74.6504974365,40.6370506287,1.7875518269
123,1,-74.6504974365,40.6370506287,0
123,2,-74.6269378662,40.6351547241,1.9991385706
123,3,-74.466255188,40.6514358521,13.6775249119
123,4,-74.4207611084,40.6666259766,4.1928097827
123,5,-74.3696899414,40.6967506409,5.4558822931
123,6,-74.3058624268,40.7141609192,5.7179603018
123,7,-74.2673339844,40.7077445984,3.3248904364
124,1,-75.568649292,40.5822219849,110.6748966116
124,2,-75.5434112549,40.5866394043,2.1871414721
124,3,-75.5141983032,40.5993156433,2.8409541095
124,4,-75.4866409302,40.6103401184,2.6296356668
124,5,-75.4535751343,40.624671936,3.2138557084
124,6,-75.4293212891,40.6323852539,2.2192434415
124,7,-75.395149231,40.647819519,3.3554283862
124,8,-75.35105896,40.6676597595,4.3242867653
124,9,-75.3201980591,40.6808853149,2.9893533142
124,10,-75.2970504761,40.6875,2.085807058
124,11,-75.2711410522,40.6930122375,2.268862013
124,12,-75.2347717285,40.695766449,3.0814737718
124,13,-75.2236175537,40.6953582764,0.9414619445
124,14,-75.2036056519,40.6905250549,1.7707232226
124,15,-75.1911315918,40.6875114441,1.1038382468
124,16,-75.1390380859,40.6679534912,4.9018204411
124,17,-75.0894775391,40.6633987427,4.2107102173
124,18,-75.0230636597,40.6385307312,6.2480634963
124,19,-74.9494628906,40.6298065186,6.2860285524
124,20,-74.8924331665,40.632270813,4.8204133722
124,21,-74.8067932129,40.6377410889,7.2521005926
124,22,-74.7497634888,40.6396942139,4.8169636428
124,23,-74.6504974365,40.6370506287,8.3810901202
125,1,-75.700378418,41.070526123,100.5988394428
125,2,-75.687828064,41.0612754822,1.4714382668
125,3,-75.6691360474,41.0528411865,1.8264470804
125,4,-75.6565856934,41.0435905457,1.4716405804
125,5,-75.6507110596,41.0353431702,1.0410413503
125,6,-75.6454086304,41.0284614563,0.8850783622
125,7,-75.6390228271,41.0161132813,1.473861775
125,8,-75.6339263916,41.0015220642,1.677879129
125,9,-75.6349563599,40.9856567383,1.7662603454
125,10,-75.6334991455,40.971572876,1.5708244974
125,11,-75.6331863403,40.9602165222,1.2630420264
125,12,-75.6360168457,40.9452857971,1.677151591
125,13,-75.6430892944,40.9308700562,1.7095024383
125,14,-75.6512832642,40.9196510315,1.4248401695
125,15,-75.6532516479,40.9142303467,0.6250328777
125,16,-75.6546554565,40.9069824219,0.8145203318
125,17,-75.6530456543,40.8987998962,0.9198592215
125,18,-75.6525115967,40.896068573,0.3070085269
125,19,-75.6532287598,40.8919944763,0.457011918
125,20,-75.6545257568,40.8888397217,0.3673443673
125,21,-75.6570129395,40.8870506287,0.2886003703
125,22,-75.6645202637,40.8785438538,1.1371343744
125,23,-75.6721038818,40.8677597046,1.3581337708
125,24,-75.672996521,40.856426239,1.2624576116
125,25,-75.6758728027,40.8392181396,1.9286875323
125,26,-75.6773223877,40.8301696777,1.0135070465
125,27,-75.6813430786,40.8157081604,1.6432520193
125,28,-75.68775177,40.802192688,1.596711218
125,29,-75.6897735596,40.794506073,0.8714912578
125,30,-75.6868896484,40.7885665894,0.7036507329
125,31,-75.6768264771,40.7784423828,1.4089710647
125,32,-75.6602630615,40.7618751526,2.3106790661
125,33,-75.6502990723,40.7481193542,1.7447022683
125,34,-75.6444244385,40.740776062,0.9548106971
125,35,-75.6410140991,40.7316513062,1.0545283087
125,36,-75.6358184814,40.7220420837,1.154716252
125,37,-75.6287231445,40.7151298523,0.9738211929
125,38,-75.6161804199,40.7076873779,1.3425693407
125,39,-75.6049118042,40.6984558105,1.3985832553
125,40,-75.5979690552,40.6856422424,1.5403566191
125,41,-75.5905151367,40.6696510315,1.8859750118
125,42,-75.5820770264,40.6454811096,2.7802327343
125,43,-75.5772018433,40.6245346069,2.3651957221
125,44,-75.5750274658,40.6154327393,1.0285859885
125,45,-75.5724029541,40.5999717712,1.7333985056
125,46,-75.5714416504,40.590877533,1.0144852671
125,47,-75.568649292,40.5822219849,0.9909170646
126,1,-89.0221557617,40.5424804688,1135.3815532464
126,2,-89.0645065308,40.5399093628,3.5900983221
126,3,-89.0929336548,40.5400009155,2.4021961437
126,4,-89.2063827515,40.6047210693,11.983643881
126,5,-89.2759552002,40.6189231873,6.0813830002
126,6,-89.4709396362,40.6163978577,16.4600160336
126,7,-89.5054473877,40.6186676025,2.9235400224
126,8,-89.5557250977,40.6372489929,4.7193509154
126,9,-89.5751419067,40.672618866,4.260399404
126,10,-89.6085205078,40.7079734802,4.8347443242
126,11,-89.6327972412,40.7174758911,2.3028663621
126,12,-89.6564941406,40.7410354614,3.2939356975
126,13,-89.6868362427,40.7464370728,2.6257979251
126,14,-89.7797775269,40.7807388306,8.7073647996
126,15,-89.8411407471,40.7932929993,5.3514773315
126,16,-89.9288482666,40.8429260254,9.2159163445
126,17,-89.9695892334,40.8500404358,3.5170516344
126,18,-90.2423858643,40.9104385376,23.8976929027
126,19,-90.3241119385,40.9321670532,7.2792904134
126,20,-90.3402557373,40.9597358704,3.3519876495
126,21,-90.3398742676,40.9792480469,2.1698914121
126,22,-90.3339691162,41.2528953552,30.4322132615
126,23,-90.3422775269,41.334980011,9.1537525865
126,24,-90.3330383301,41.4326210022,10.8845111312
127,1,-74.2673339844,40.7077445984,1347.2669746527
127,2,-74.2869262695,40.6896781921,2.6007077235
127,3,-74.2933807373,40.6812210083,1.0865248188
127,4,-74.2961807251,40.6730995178,0.9334271784
127,5,-74.2972869873,40.6622123718,1.2141856758
127,6,-74.3015899658,40.6469650269,1.7338502629
127,7,-74.315071106,40.615688324,3.6591518661
127,8,-74.3211898804,40.6008872986,1.7249503401
127,9,-74.3271255493,40.590133667,1.2965271922
127,10,-74.3317642212,40.5816001892,1.0265528978
127,11,-74.3327941895,40.5720748901,1.062730991
127,12,-74.3344802856,40.5616340637,1.1696702346
127,13,-74.3299179077,40.5555801392,0.7756970389
127,14,-74.3224716187,40.5462188721,1.2162773425
127,15,-74.3172302246,40.541595459,0.6785629578
127,16,-74.3121032715,40.5346069336,0.8897055891
128,1,-74.379119873,40.5104103088,6.2710757106
128,2,-74.3121032715,40.5346069336,6.2710757106
129,1,-74.379119873,40.5104103088,6.2710757106
129,2,-74.3873596191,40.5156059265,0.9049679587
129,3,-74.4032669067,40.5255241394,1.7390344902
129,4,-74.4175186157,40.5317687988,1.390327328
129,5,-74.4909667969,40.5399627686,6.2734797789
129,6,-74.5349731445,40.5296325684,3.8923034133
129,7,-74.5573120117,40.5605049133,3.9175643235
129,8,-74.6180953979,40.5841369629,5.7673192616
129,9,-74.6321792603,40.5953521729,1.7232213711
129,10,-74.6504974365,40.6370506287,4.8876625646
130,1,-80.0919113159,40.6679840088,458.9813982028
130,2,-79.9442901611,40.6055793762,14.2587460319
130,3,-79.8841247559,40.5822486877,5.7041303356
130,4,-79.8548202515,40.5555496216,3.8653095129
130,5,-79.8479232788,40.5484237671,0.9835562988
130,6,-79.7890472412,40.5050392151,6.9307064346
130,7,-79.7542495728,40.4562149048,6.1754421462
130,8,-79.750579834,40.4358673096,2.2837607993
131,1,-75.568649292,40.5822219849,353.8892435126
131,2,-75.7472076416,40.5825538635,15.0791803572
131,3,-75.7994155884,40.576007843,4.468809984
131,4,-75.8470840454,40.5820884705,4.0821556032
131,5,-75.9457931519,40.5797080994,8.3403067922
131,6,-76.0134124756,40.5600852966,6.1140716771
131,7,-76.1778945923,40.4979934692,15.5216098968
131,8,-76.3113098145,40.4734573364,11.608264143
131,9,-76.4132843018,40.4462203979,9.1435847806
131,10,-76.5205383301,40.4221534729,9.4638208087
132,1,-76.0079345703,41.0527153015,82.3488766487
132,2,-76.0161056519,41.0115203857,4.6316569359
132,3,-76.0374755859,40.979549408,3.9817939918
132,4,-76.0267715454,40.9082107544,7.9832814053
132,5,-76.0706863403,40.8406639099,8.3693759429
132,6,-76.1256027222,40.7968101501,6.7181983041
132,7,-76.2274475098,40.772441864,8.9926101159
132,8,-76.3386611938,40.7240791321,10.802318895
132,9,-76.3880310059,40.6691856384,7.3878658897
132,10,-76.4441680908,40.6447029114,5.4622089354
132,11,-76.4482421875,40.6156959534,3.243698666
132,12,-76.4146118164,40.5963745117,3.5603478345
132,13,-76.4094543457,40.5768318176,2.2162615166
132,14,-76.4308319092,40.5638618469,2.3109057126
132,15,-76.4355545044,40.530796051,3.6983382162
132,16,-76.4466552734,40.5159225464,1.9014772413
132,17,-76.4873352051,40.5044631958,3.6675664689
132,18,-76.517906189,40.4802093506,3.7358278947
132,19,-76.5280838013,40.444442749,4.0692040969
132,20,-76.5205383301,40.4221534729,2.5594105628
133,1,-80.0919113159,40.6679840088,302.9825768669
133,2,-80.1009216309,40.6491966248,2.2230276098
133,3,-80.0905380249,40.5804443359,7.6949835186
133,4,-80.1120529175,40.5727424622,2.0087814351
133,5,-80.1121292114,40.5418891907,3.4307333139
133,6,-80.1303024292,40.5279541016,2.1816695978
133,7,-80.1453170776,40.5067176819,2.6808615856
133,8,-80.1416549683,40.4918823242,1.6784265396
133,9,-80.1129989624,40.4171066284,8.6609793758
134,1,-79.750579834,40.4358673096,30.7481076616
134,2,-79.7802734375,40.4385108948,2.5301745751
134,3,-79.8053665161,40.4484901428,2.3959354342
134,4,-79.8643951416,40.4428672791,5.0340813463
134,5,-79.8774414063,40.4353637695,1.383904466
134,6,-79.9126739502,40.4233551025,3.2674644226
134,7,-79.9812011719,40.4311027527,5.8641090977
134,8,-80.0188903809,40.420375824,3.4059588402
134,9,-80.0462646484,40.4089393616,2.6434993892
134,10,-80.0709228516,40.4061737061,2.1103297697
134,11,-80.1129989624,40.4171066284,3.7640755748
135,1,-76.5205383301,40.4221534729,304.0975300846
135,2,-76.6106491089,40.4092407227,7.7626743432
135,3,-76.6884536743,40.3630561829,8.3545471006
135,4,-76.8004608154,40.3260650635,10.3453268675
135,5,-76.8320388794,40.3040084839,3.6309081145
135,6,-76.8683319092,40.2905883789,3.4206090642
135,7,-76.9025192261,40.3098068237,3.60171403
135,8,-76.9374847412,40.3108711243,2.9671524141
135,9,-76.9889831543,40.2743682861,5.9625935708
135,10,-77.0407714844,40.2777481079,4.409502034
135,11,-77.1199951172,40.2308349609,8.5095159695
135,12,-77.1314849854,40.2208938599,1.4742594797
136,1,-79.750579834,40.4358673096,223.293271929
136,2,-79.7339324951,40.4057693481,3.6313427847
136,3,-79.6873016357,40.3816375732,4.7744240817
136,4,-79.6889648438,40.3176498413,7.1165070167
136,5,-79.6782226563,40.2820053101,4.0668375167
136,6,-79.6141281128,40.2141494751,9.301654316
137,1,-74.379119873,40.5104103088,444.7001188703
137,2,-74.3974380493,40.4923324585,2.5376445013
137,3,-74.4140548706,40.4714546204,2.7137643353
137,4,-74.4244003296,40.4558143616,1.9469292283
137,5,-74.4328536987,40.4419326782,1.701257627
137,6,-74.4463348389,40.4236373901,2.3324814656
137,7,-74.4575195313,40.402130127,2.5721471059
137,8,-74.4685821533,40.3837738037,2.2458719655
137,9,-74.4759750366,40.3662185669,2.0500508208
137,10,-74.4764709473,40.3544235229,1.3122219382
137,11,-74.483795166,40.3382873535,1.8985893822
137,12,-74.490737915,40.3162384033,2.5213820609
137,13,-74.4945297241,40.2977256775,2.0834805945
137,14,-74.502281189,40.2715682983,2.9819604086
137,15,-74.5101013184,40.2576828003,1.6805360043
137,16,-74.5265197754,40.2394752502,2.45775986
137,17,-74.5428085327,40.2244377136,2.16977527
137,18,-74.5676193237,40.207321167,2.8391202134
137,19,-74.5916595459,40.1938095093,2.5349417592
138,1,-74.5916595459,40.1938095093,0
138,2,-74.6258239746,40.1977615356,2.9348598057
138,3,-74.6876907349,40.201877594,5.2742686436
138,4,-74.699432373,40.1944274902,1.2964457607
138,5,-74.7115631104,40.1919746399,1.0658571395
139,1,-74.7115631104,40.1919746399,0
139,2,-74.7222595215,40.211265564,2.3294831273
139,3,-74.6926193237,40.2450866699,4.5249209547
139,4,-74.6889724731,40.2613372803,1.8332967867
139,5,-74.6969070435,40.2742118835,1.5819811774
139,6,-74.7252731323,40.2889022827,2.9083154111
139,7,-74.7672042847,40.296169281,3.6470030542
140,1,-77.1314849854,40.2208938599,200.7940276337
140,2,-77.017288208,40.1878662109,10.3702015407
140,3,-76.9775543213,40.1904220581,3.387092885
140,4,-76.9479980469,40.197555542,2.632775589
140,5,-76.9070892334,40.1946487427,3.4895965018
140,6,-76.8727111816,40.2035484314,3.0829199155
141,1,-80.1129989624,40.4171066284,275.758632862
141,2,-80.0999221802,40.3897018433,3.2422109671
141,3,-80.1243133545,40.3633422852,3.5860848492
141,4,-80.1222763062,40.3407020569,2.5233896335
141,5,-80.156867981,40.3136672974,4.1994698332
141,6,-80.1633377075,40.2931175232,2.3499717295
141,7,-80.1538619995,40.2651901245,3.207735209
141,8,-80.1975860596,40.2420349121,4.5163624397
141,9,-80.2074508667,40.2159690857,3.0169510326
141,10,-80.2381744385,40.2003364563,3.135076321
141,11,-80.245300293,40.1820373535,2.1228851247
142,1,-74.1089859009,40.1740341187,521.2244557729
142,2,-74.2517852783,40.1718940735,12.1351527069
142,3,-74.404510498,40.1766433716,12.9866517533
142,4,-74.5916595459,40.1938095093,16.0122523076
143,1,-74.7672042847,40.296169281,18.7491883223
143,2,-74.7858505249,40.2974777222,1.5880447461
143,3,-74.8192901611,40.2900276184,2.9546173489
143,4,-74.8537826538,40.2626914978,4.2192149621
143,5,-74.8844909668,40.2383270264,3.7592098921
143,6,-74.881187439,40.1969718933,4.6070278481
143,7,-74.8986206055,40.1646728516,3.8848710043
143,8,-74.8913116455,40.1341285706,3.4527135321
144,1,-75.2780914307,40.1166000366,32.9431175326
144,2,-75.2090454102,40.131690979,6.105763264
144,3,-75.1322097778,40.1629257202,7.396841426
144,4,-75.1176376343,40.1667327881,1.3086202579
144,5,-75.0448150635,40.1662521362,6.1881248381
144,6,-74.977897644,40.1354370117,6.6398547276
144,7,-74.9586639404,40.1350517273,1.6356434105
144,8,-74.8913116455,40.1341285706,5.7266815663
145,1,-75.568649292,40.5822219849,76.002481222
145,2,-75.5669708252,40.5776596069,0.5267447174
145,3,-75.5629196167,40.5703353882,0.8833743001
145,4,-75.5530548096,40.5552139282,1.8766004378
145,5,-75.5349502563,40.5313453674,3.0633923334
145,6,-75.5267105103,40.5230560303,1.1552420614
145,7,-75.5125808716,40.509223938,1.9473732954
145,8,-75.5018844604,40.5022544861,1.1909678969
145,9,-75.4899902344,40.495262146,1.2712150573
145,10,-75.4744186401,40.490032196,1.4394743489
145,11,-75.464881897,40.4848899841,0.9886382852
145,12,-75.4631652832,40.4816894531,0.3843569238
145,13,-75.4579467773,40.4738922119,0.972900779
145,14,-75.4539108276,40.4670219421,0.8367550746
145,15,-75.4522323608,40.4624557495,0.5272188845
145,16,-75.446395874,40.4551048279,0.9549629639
145,17,-75.4375457764,40.4472579956,1.1498173783
145,18,-75.4346237183,40.4440345764,0.4354455381
145,19,-75.4311141968,40.4403457642,0.5064115226
145,20,-75.4299545288,40.4385108948,0.2264053801
145,21,-75.4282073975,40.4362182617,0.2947075004
145,22,-75.4270782471,40.4334716797,0.3200088791
145,23,-75.4248657227,40.4266357422,0.7828507319
145,24,-75.4221191406,40.4170608521,1.0897703378
145,25,-75.4182739258,40.4038467407,1.5049767674
145,26,-75.4137878418,40.3924293518,1.3251743265
145,27,-75.4012527466,40.3668289185,3.0382120632
145,28,-75.3836746216,40.3284339905,4.5217459495
145,29,-75.3626403809,40.2858924866,5.0554886753
145,30,-75.3483581543,40.2597923279,3.1449936199
145,31,-75.3410949707,40.2406196594,2.2192273146
145,32,-75.3338241577,40.2223434448,2.1238866378
145,33,-75.3293762207,40.2100219727,1.4211865566
145,34,-75.3208236694,40.1944580078,1.8768784395
145,35,-75.3094024658,40.1742973328,2.4427144241
145,36,-75.3002243042,40.1596221924,1.8085886399
145,37,-75.2869338989,40.1416969299,2.2910230216
145,38,-75.2780914307,40.1166000366,2.8901350811
146,1,-79.6141281128,40.2141494751,368.5715704269
146,2,-79.6289978027,40.2080039978,1.435730648
146,3,-79.6556625366,40.2134475708,2.3437933932
146,4,-79.6736068726,40.2095108032,1.5853909822
146,5,-79.7390594482,40.1648254395,7.4566699264
146,6,-79.7845687866,40.157661438,3.9485181721
146,7,-79.8733139038,40.1297149658,8.1583993377
146,8,-79.9145965576,40.105342865,4.4347885015
146,9,-79.9688186646,40.1256103516,5.1321221139
146,10,-80.0002365112,40.1295280457,2.7064627888
146,11,-80.0486831665,40.1553192139,5.0182779957
146,12,-80.1026000977,40.1651000977,4.7091741117
146,13,-80.1496429443,40.1514205933,4.277414579
146,14,-80.174118042,40.1622467041,2.4032374503
146,15,-80.19190979,40.1550636292,1.7099810276
146,16,-80.2066955566,40.1642723083,1.6208938134
146,17,-80.2222900391,40.1784515381,2.0594861506
146,18,-80.245300293,40.1820373535,1.9950849889
147,1,-75.4189224243,40.0927009583,410.3535531324
147,2,-75.3732070923,40.093296051,3.8892978872
147,3,-75.3035049438,40.1116027832,6.268079144
147,4,-75.2780914307,40.1166000366,2.2314022103
148,1,-74.7632217407,40.0851478577,43.9312417655
148,2,-74.7415313721,40.1019134521,2.6229112045
148,3,-74.7156448364,40.1489677429,5.6762795076
148,4,-74.7115631104,40.1919746399,4.7947081142
149,1,-74.8913116455,40.1341285706,16.5734820581
149,2,-74.859413147,40.1180419922,3.2488597498
149,3,-74.8446960449,40.1024780273,2.1357776214
149,4,-74.8397293091,40.0972213745,0.721192311
149,5,-74.7932281494,40.0867042542,4.1248889541
149,6,-74.7632217407,40.0851478577,2.5585940045
150,1,-74.5916595459,40.1938095093,18.9387769854
150,2,-74.6163024902,40.1798591614,2.6054382099
150,3,-74.6343460083,40.1652984619,2.2297263672
150,4,-74.6585159302,40.1476974487,2.8371868802
150,5,-74.6790084839,40.1318321228,2.4792554032
150,6,-74.6965026855,40.1154327393,2.3532508443
150,7,-74.7122344971,40.0976409912,2.3883002846
150,8,-74.7228775024,40.0865325928,1.5314606852
150,9,-74.7303237915,40.0807991028,0.8987612611
151,1,-74.7632217407,40.0851478577,2.8403129568
151,2,-74.7303237915,40.0807991028,2.8403129568
152,1,-76.8727111816,40.2035484314,182.6148560369
152,2,-76.8143920898,40.1941833496,5.0614206589
152,3,-76.7901153564,40.2153549194,3.1293229133
152,4,-76.6926727295,40.2061538696,8.3375245236
152,5,-76.5975646973,40.2019081116,8.0908532886
152,6,-76.5040283203,40.2188835144,8.1640551961
152,7,-76.4402160645,40.2197036743,5.4188152468
152,8,-76.39503479,40.2197799683,3.8361484292
152,9,-76.3268051147,40.2318496704,5.945999292
152,10,-76.185546875,40.2481575012,12.126362313
152,11,-76.1045761108,40.2309494019,7.1342421402
152,12,-76.0926437378,40.2249183655,1.2148680887
152,13,-76.0112686157,40.1986083984,7.503797837
152,14,-75.9869918823,40.179271698,2.9792012194
152,15,-75.9089050293,40.1728515625,6.6725747868
152,16,-75.8923568726,40.1594924927,2.045439636
152,17,-75.8417663574,40.1348152161,5.1009382473
152,18,-75.7955093384,40.1319351196,3.9454964407
152,19,-75.6828384399,40.0691184998,11.8585919931
152,20,-75.6001358032,40.0601959229,7.1075440201
152,21,-75.5533065796,40.0803489685,4.571703472
152,22,-75.4764328003,40.0782241821,6.5447842643
152,23,-75.4189224243,40.0927009583,5.1506237315
153,1,-80.245300293,40.1820373535,410.3535531324
153,2,-80.2762985229,40.1740989685,2.7775347528
153,3,-80.2837142944,40.1635017395,1.336252305
153,4,-80.306388855,40.1430397034,2.9816977751
153,5,-80.4095840454,40.1057701111,9.7036138224
153,6,-80.4942703247,40.1028785706,7.2097384093
153,7,-80.5256652832,40.0867805481,3.2149347497
153,8,-80.5731277466,40.0624160767,4.8630060754
153,9,-80.6480560303,40.0437812805,6.705622342
153,10,-80.7132263184,40.06300354,5.9444440955
153,11,-80.7309417725,40.0601730347,1.5401471547
153,12,-80.7538070679,40.05651474,1.9880680042
153,13,-80.7932281494,40.0509567261,3.411697543
153,14,-80.8442306519,40.0618591309,4.5069200086
153,15,-80.8957595825,40.0582122803,4.4040945338
153,16,-80.9183425903,40.0653114319,2.0776860194
153,17,-80.9530029297,40.0734405518,3.0847815118
153,18,-80.9818344116,40.0603981018,2.85003952
153,19,-81.0413818359,40.0487518311,5.2310397924
153,20,-81.0892410278,40.0442199707,4.1049294075
153,21,-81.1081466675,40.0495796204,1.7160883624
153,22,-81.1459121704,40.0593795776,3.3939988609
153,23,-81.1891860962,40.0472297668,3.9231609524
153,24,-81.2949371338,40.0463523865,9.0022528145
153,25,-81.4408874512,40.021900177,12.7198644392
153,26,-81.5446472168,39.9968261719,9.2664626563
154,1,-81.5019226074,41.051322937,117.3102812606
154,2,-81.5042114258,41.0271835327,2.6910347872
154,3,-81.4934616089,40.9771194458,5.6394895402
154,4,-81.43775177,40.9502449036,5.5507876112
154,5,-81.4272003174,40.9355888367,1.8550699543
154,6,-81.4374694824,40.8794212341,6.3048938167
154,7,-81.3966369629,40.8225669861,7.1945490153
154,8,-81.3977661133,40.7899246216,3.6309092873
154,9,-81.3893203735,40.77784729,1.5195799993
154,10,-81.3900680542,40.7583007813,2.1743844777
154,11,-81.4193954468,40.7174491882,5.1710371919
154,12,-81.4551620483,40.6405258179,9.0696759386
154,13,-81.5077209473,40.5834960938,7.7393127017
154,14,-81.5125045776,40.5715408325,1.3893987393
154,15,-81.4812240601,40.521232605,6.1869798306
154,16,-81.4661407471,40.4785842896,4.9107728761
154,17,-81.4721984863,40.4570617676,2.4474447491
154,18,-81.5239257813,40.39868927,7.82943169
154,19,-81.5429534912,40.2973175049,11.3867777608
154,20,-81.526222229,40.2465667725,5.8190122345
154,21,-81.540763855,40.2052536011,4.7568113899
154,22,-81.5418167114,40.0745162964,14.537600499
154,23,-81.5497055054,40.0438575745,3.474576839
154,24,-81.5540847778,40.0255622864,2.0682263859
154,25,-81.5446472168,39.9968261719,3.2948505755
155,1,-78.2478179932,39.9843406677,280.8509039184
155,2,-78.2442779541,39.9902534485,0.7233460204
155,3,-78.1864013672,40.0264015198,6.3603960367
155,4,-78.1227416992,40.0258293152,5.4208456116
155,5,-78.0850524902,40.0436897278,3.7736146771
155,6,-78.0093154907,40.0358581543,6.5060806533
155,7,-77.9703369141,40.0464401245,3.5206541495
155,8,-77.8881912231,40.0730171204,7.590017916
155,9,-77.8678359985,40.0880393982,2.4061231942
155,10,-77.8257675171,40.0890617371,3.5805576827
155,11,-77.789100647,40.1128005981,4.0858068649
155,12,-77.7567520142,40.1186943054,2.8277765867
155,13,-77.723777771,40.1482315063,4.3180372943
155,14,-77.6943130493,40.154624939,2.6031923387
155,15,-77.6587982178,40.1437950134,3.249887684
155,16,-77.5871505737,40.1670570374,6.6156730879
155,17,-77.4541702271,40.1897468567,11.5759389608
155,18,-77.3711090088,40.2010116577,7.1652250881
155,19,-77.2675933838,40.2044639587,8.7996289181
155,20,-77.1826705933,40.2201271057,7.4185485432
155,21,-77.1495361328,40.2236671448,2.8406145922
155,22,-77.1314849854,40.2208938599,1.5633010862
156,1,-79.6141281128,40.2141494751,210.7914425579
156,2,-79.5151748657,40.1649742126,10.0274858916
156,3,-79.4180221558,40.1324768066,9.0134911539
156,4,-79.3853302002,40.1016769409,4.4110294862
156,5,-79.300491333,40.1233253479,7.6056638608
156,6,-79.0768966675,40.0202102661,22.2136785333
156,7,-79.0537185669,40.0037193298,2.6942617291
156,8,-79.0312728882,39.9926605225,2.2732764579
156,9,-78.8120651245,39.9547805786,19.1483580354
156,10,-78.7979736328,39.9717025757,2.2322368823
156,11,-78.76978302,39.9724464417,2.4036889364
156,12,-78.7208175659,39.9869880676,4.4745055185
156,13,-78.6899490356,40.007686615,3.4944910008
156,14,-78.5982131958,40.0157737732,7.8643212676
156,15,-78.5685195923,40.0382499695,3.5550718728
156,16,-78.5434417725,40.0484352112,2.4165973282
156,17,-78.5182647705,40.0522689819,2.1849902201
156,18,-78.4751052856,40.0149726868,5.5408536921
156,19,-78.4387969971,39.9934883118,3.9078141413
156,20,-78.3878707886,40.0011100769,4.4200891501
156,21,-78.294593811,39.9808769226,8.2587558546
156,22,-78.2478179932,39.9843406677,4.0039580647
157,1,-74.8913116455,40.1341285706,286.1278951737
157,2,-74.8976593018,40.1084060669,2.9106913968
157,3,-74.9269256592,40.0972175598,2.7827516038
157,4,-75.0290756226,40.0471076965,10.3245759513
157,5,-75.0563812256,40.0217819214,3.6516777182
157,6,-75.0698928833,40.0129737854,1.511033101
157,7,-75.0928878784,39.9898376465,3.2333889917
157,8,-75.145362854,39.9645195007,5.2837844522
157,9,-75.1584854126,39.9484443665,2.1085758257
157,10,-75.1578216553,39.9135055542,3.885430883
158,1,-75.4189224243,40.0927009583,29.8601639209
158,2,-75.3838882446,40.0703010559,3.8843492795
158,3,-75.3085403442,40.0182418823,8.6399358988
158,4,-75.2345581055,39.966178894,8.5578154212
158,5,-75.1578216553,39.9135055542,8.7809295673
159,1,-75.1011962891,39.8670845032,7.069907103
159,2,-75.050163269,39.8697280884,4.3652801861
159,3,-75.0228271484,39.8800811768,2.6013547684
159,4,-74.9646759033,39.9310722351,7.5333715552
159,5,-74.8318634033,40.0340042114,16.0950034122
159,6,-74.7632217407,40.0851478577,8.1527739979
160,1,-75.1578216553,39.9135055542,38.6530529824
160,2,-75.1410522461,39.9130058289,1.4313145773
160,3,-75.1170806885,39.9122886658,2.046067813
160,4,-75.1000061035,39.9028892517,1.7926038736
160,5,-75.1011962891,39.8670845032,3.9826013001
161,1,-75.0910644531,39.8473892212,2.3545924505
161,2,-75.0801467896,39.8512649536,1.026833025
161,3,-75.0698776245,39.8537902832,0.9204928555
161,4,-75.0572052002,39.8562583923,1.1159995557
161,5,-75.0403137207,39.8595581055,1.4877636345
161,6,-75.0233917236,39.8637657166,1.518224107
161,7,-75.0057830811,39.870223999,1.6655914626
161,8,-74.9916992188,39.8785591125,1.517726393
161,9,-74.9756851196,39.8909301758,1.9388865866
161,10,-74.9632644653,39.9029312134,1.7039657597
161,11,-74.9453430176,39.9179840088,2.2667297348
161,12,-74.9237442017,39.9347763062,2.6227158041
161,13,-74.9020462036,39.9538383484,2.8132330868
161,14,-74.8823242188,39.9679527283,2.2996827835
161,15,-74.8601455688,39.9833602905,2.5508347502
161,16,-74.8298721313,40.0067520142,3.662794846
161,17,-74.7874908447,40.0317001343,4.5520069606
161,18,-74.7553482056,40.0550460815,3.7716882656
161,19,-74.7342224121,40.0731773376,2.7012578543
161,20,-74.7303237915,40.0807991028,0.9101049479
162,1,-75.1011962891,39.8670845032,39.5408080236
162,2,-75.0977706909,39.862033844,0.633154136
162,3,-75.0944900513,39.8524513245,1.1017101536
162,4,-75.0910644531,39.8473892212,0.6343118898
163,1,-104.9926376343,39.8132629395,2541.2804060601
163,2,-104.9371643066,39.8184242249,4.7725838295
163,3,-104.92137146,39.8265686035,1.624563511
163,4,-104.8979263306,39.8630485535,4.5233437853
163,5,-104.8752365112,39.8777198792,2.5319934622
163,6,-104.8132095337,39.9111251831,6.4652068959
163,7,-104.6330108643,40.070892334,23.4791476561
163,8,-104.572227478,40.1114234924,6.859092201
163,9,-104.4776535034,40.1227722168,8.140408937
163,10,-104.4289093018,40.1665611267,6.3933216324
163,11,-104.3237686157,40.1716842651,8.9518332204
163,12,-104.1775283813,40.2211418152,13.5838803422
163,13,-104.0472564697,40.2337913513,11.1486260623
163,14,-103.8935775757,40.2322654724,13.0467272114
163,15,-103.8615188599,40.2464790344,3.1468532488
163,16,-103.8024749756,40.2466583252,5.0112050858
163,17,-103.7398300171,40.247341156,5.3173036163
163,18,-103.6740722656,40.2643623352,5.8924555538
163,19,-103.6156921387,40.267162323,4.9632008731
163,20,-103.5699081421,40.2679214478,3.8854866149
163,21,-103.5476531982,40.2691917419,1.8934811002
163,22,-103.3500289917,40.3879165649,21.3289673765
163,23,-103.2468032837,40.4868850708,14.0508669193
163,24,-103.2067642212,40.5314369202,5.9999625599
163,25,-103.1614685059,40.612323761,9.7740700688
163,26,-103.0540466309,40.7121238708,14.3265011126
163,27,-102.9478912354,40.7696418762,10.9950393526
163,28,-102.4163665771,40.9165687561,47.6027600572
163,29,-102.2942047119,40.9223747253,10.2846058937
163,30,-102.2386016846,40.9558296204,5.9709420657
163,31,-102.1697540283,40.998752594,7.4956280829
163,32,-102.1424102783,41.0157814026,2.9748648714
164,1,-104.9926376343,39.8132629395,275.8526272491
164,2,-104.9938278198,39.8254814148,1.3624296313
164,3,-104.9929580688,39.8445587158,2.1225986444
164,4,-104.977973938,40.0799827576,26.2090901743
164,5,-104.9760742188,40.202091217,13.5788014373
164,6,-104.9744644165,40.3300933838,14.2338469008
164,7,-104.9870834351,40.4032592773,8.205619708
164,8,-104.9808807373,40.4742355347,7.9096381273
164,9,-104.9941101074,40.5836868286,12.2216810187
164,10,-104.9905014038,40.7076950073,13.7924412185
164,11,-104.9815673828,40.7615013123,6.03015619
164,12,-104.9024353027,40.9655761719,23.6476830378
164,13,-104.9033432007,40.9947166443,3.2411688693
164,14,-104.9021148682,41.0394592285,4.9762155903
164,15,-104.8584899902,41.1087226868,8.5258204753
165,1,-104.9926376343,39.8132629395,144.4948872561
165,2,-104.9919433594,39.774269104,4.3363223886
166,1,-75.1578216553,39.9135055542,2535.1381410706
166,2,-75.1672058105,39.9014358521,1.5626540905
166,3,-75.2088012695,39.8949432373,3.6210869319
166,4,-75.2386169434,39.8809738159,2.9806208076
166,5,-75.2932891846,39.8769569397,4.6865727635
166,6,-75.3271865845,39.8657646179,3.1491696846
166,7,-75.3513336182,39.8598365784,2.163823056
166,8,-75.3877410889,39.8445739746,3.5410832861
166,9,-75.4423217773,39.8218955994,5.2990215763
166,10,-75.4536895752,39.8171653748,1.1041889627
166,11,-75.5041351318,39.7961387634,4.9025403192
166,12,-75.5453109741,39.7568855286,5.6065353764
166,13,-75.5407714844,39.725982666,3.4580926532
166,14,-75.5746536255,39.688873291,5.0425974971
167,1,-75.4974136353,39.6717910767,6.8775217399
167,2,-75.4485321045,39.7090873718,5.8900514371
167,3,-75.3939590454,39.7349357605,5.4814107374
167,4,-75.3328704834,39.7769775391,7.0088711208
167,5,-75.2927703857,39.7962303162,4.0401985684
167,6,-75.2137908936,39.8134078979,7.0118524565
167,7,-75.1521224976,39.8490066528,6.5877578305
167,8,-75.1011962891,39.8670845032,4.7891972399
168,1,-77.1314849854,40.2208938599,177.2457819876
168,2,-77.1599273682,40.1901435852,4.1863708162
168,3,-77.1936569214,40.1852378845,2.9166436015
168,4,-77.2291717529,40.1807975769,3.0571720569
168,5,-77.4410095215,40.0840950012,20.9752151824
168,6,-77.4951019287,40.0297050476,7.6007609236
168,7,-77.5617218018,39.9866218567,7.4259441479
168,8,-77.589881897,39.9512405396,4.6083652814
168,9,-77.6343307495,39.9257354736,4.7332813596
168,10,-77.6880874634,39.8445167542,10.1291060617
168,11,-77.7130813599,39.7878074646,6.6573194871
168,12,-77.7309265137,39.7551307678,3.9405861828
168,13,-77.7388458252,39.7223777771,3.7043814126
168,14,-77.7433166504,39.7038803101,2.0920738406
168,15,-77.7384338379,39.6739730835,3.3516750416
168,16,-77.7682037354,39.643989563,4.1964434502
168,17,-77.7949447632,39.6090278625,4.5120118294
169,1,-78.2478179932,39.9843406677,56.9084049691
169,2,-78.2452316284,39.966217041,2.0272702078
169,3,-78.2216796875,39.9513931274,2.5974165449
169,4,-78.2197418213,39.9378051758,1.5199159682
169,5,-78.2663040161,39.8604545593,9.4738676912
169,6,-78.2735290527,39.8087234497,5.7852241511
169,7,-78.2596206665,39.7952079773,1.9157926501
169,8,-78.2176742554,39.7909202576,3.615385626
169,9,-78.2072296143,39.7633247375,3.1956642103
169,10,-78.1909408569,39.7498130798,2.0484401775
169,11,-78.1861038208,39.7249069214,2.8001526192
169,12,-78.1827697754,39.707698822,1.934586874
169,13,-78.0713882446,39.6860427856,9.8290323643
169,14,-78.0136642456,39.6373329163,7.3315658043
169,15,-77.993270874,39.6251754761,2.2085290226
169,16,-77.9574279785,39.6230430603,3.0789919934
169,17,-77.9276733398,39.639919281,3.1645578643
169,18,-77.8984222412,39.6436462402,2.5386920618
169,19,-77.8296966553,39.636592865,5.936834692
169,20,-77.7949447632,39.6090278625,4.2724813064
170,1,-77.7949447632,39.6090278625,0
170,2,-77.7716064453,39.5959320068,2.473550993
170,3,-77.6838684082,39.6001701355,7.5321143369
170,4,-77.6647644043,39.5988388062,1.6434694423
170,5,-77.6306991577,39.5775718689,3.7567765492
170,6,-77.5990219116,39.5436019897,4.6521068774
170,7,-77.5924301147,39.5232086182,2.3370415274
170,8,-77.5655670166,39.4892311096,4.425576991
170,9,-77.5172805786,39.4566078186,5.5079034016
170,10,-77.494644165,39.4167175293,4.8428940943
170,11,-77.4529724121,39.3981246948,4.1342801207
170,12,-77.4339294434,39.3931312561,1.727988325
171,1,-76.5016784668,39.3533439636,80.2551817669
171,2,-76.5479736328,39.3165359497,5.7100336506
171,3,-76.5494232178,39.2970542908,2.1698489979
172,1,-76.6053771973,39.2911186218,4.860109163
172,2,-76.5494232178,39.2970542908,4.860109163
173,1,-76.8727111816,40.2035484314,104.5177772045
173,2,-76.8158950806,40.1615524292,6.7158775155
173,3,-76.7655410767,40.0819396973,9.8335465085
173,4,-76.7257537842,39.9869003296,11.097511846
173,5,-76.684463501,39.9757575989,3.7298838895
173,6,-76.6921691895,39.9309196472,5.0288312747
173,7,-76.7013320923,39.916015625,1.8322188853
173,8,-76.6983032227,39.8647651672,5.7046468067
173,9,-76.6871871948,39.8411178589,2.7954389719
173,10,-76.6727142334,39.7975006104,5.0050497672
173,11,-76.669883728,39.7317428589,7.3159297005
173,12,-76.6645507813,39.7206344604,1.3167081181
173,13,-76.6465377808,39.6830787659,4.4512665409
173,14,-76.6534194946,39.656829834,2.9775867232
173,15,-76.6775588989,39.6352310181,3.1685655238
173,16,-76.6799163818,39.5858306885,5.4967771335
173,17,-76.6684799194,39.5422401428,4.9451956657
173,18,-76.6652374268,39.4615249634,8.9794290979
173,19,-76.6434402466,39.4405250549,2.992531221
173,20,-76.6442565918,39.4214897156,2.1177940689
173,21,-76.672416687,39.4067230225,2.923754695
173,22,-76.6618728638,39.3404693604,7.4226097621
173,23,-76.6112213135,39.2993240356,6.317992286
173,24,-76.6053771973,39.2911186218,1.0418188451
174,1,-76.6406326294,39.2755050659,3.4959256345
174,2,-76.6351089478,39.2904243469,1.7257249681
174,3,-76.6053771973,39.2911186218,2.5598326612
175,1,-76.6406326294,39.2755050659,3.4959256345
175,2,-76.6505737305,39.2896270752,1.7882694242
175,3,-76.6759262085,39.307926178,2.9831893715
175,4,-76.7175979614,39.3032073975,3.6236384756
175,5,-76.751449585,39.3070449829,2.9437137051
175,6,-76.7847518921,39.3058776855,2.8682409903
175,7,-76.8401641846,39.2934913635,4.9630247942
175,8,-76.9055557251,39.2933654785,5.6272982518
175,9,-77.0438156128,39.3324813843,12.6649560589
175,10,-77.194770813,39.3601379395,13.3399693052
175,11,-77.2976303101,39.3870887756,9.3355216771
175,12,-77.3642730713,39.3957939148,5.8081457202
175,13,-77.4339294434,39.3931312561,5.9929508183
176,1,-76.5494232178,39.2970542908,76.806434662
176,2,-76.5537796021,39.2816772461,1.7504694263
176,3,-76.5578384399,39.2637290955,2.0260954637
176,4,-76.5804138184,39.2442474365,2.9105212469
176,5,-76.6095657349,39.2403793335,2.5470821183
176,6,-76.642326355,39.2329101563,2.9412045759
176,7,-76.6578216553,39.2284812927,1.4226034727
176,8,-76.6673431396,39.2267303467,0.8429358733
177,1,-76.6406326294,39.2755050659,5.89102794
177,2,-76.675743103,39.2716636658,3.0523294759
177,3,-76.6877212524,39.2635803223,1.3679122516
177,4,-76.7045440674,39.2469177246,2.3517965465
177,5,-76.7088241577,39.2356147766,1.3097661902
177,6,-76.7268218994,39.2189559937,2.4154899486
178,1,-94.567276001,39.1603050232,1535.0572540721
178,2,-94.5223922729,39.1665802002,3.9320449948
178,3,-94.5015106201,39.1974639893,3.8771862603
178,4,-94.4524841309,39.2543449402,7.6051404146
178,5,-94.4298248291,39.2797584534,3.4337472219
178,6,-94.3085250854,39.4806213379,24.6483363183
178,7,-94.2441635132,39.6432495117,18.9063854526
178,8,-94.2227630615,39.7457351685,11.5420470496
178,9,-94.1759796143,39.8459854126,11.8422136011
178,10,-94.120262146,39.9401931763,11.503469699
178,11,-94.1017837524,39.9803695679,4.7368871453
178,12,-94.0960617065,40.0790939331,10.9884541481
178,13,-94.0461883545,40.1553382874,9.4795389148
178,14,-94.0332870483,40.2080001831,5.9574215433
178,15,-94.0280838013,40.2590293884,5.6913541347
178,16,-94.0219268799,40.3146438599,6.2060592306
178,17,-93.9468231201,40.5719947815,29.3134096091
178,18,-93.9435195923,40.5754890442,0.4783482656
178,19,-93.8916625977,40.6302223206,7.4971058082
178,20,-93.8635559082,40.6666145325,4.6902048417
178,21,-93.8640060425,40.7328834534,7.3688655036
178,22,-93.817024231,40.8398666382,12.5363534363
178,23,-93.8053588867,41.0173416138,19.7586357808
178,24,-93.7821121216,41.0667304993,5.8275909981
178,25,-93.7920455933,41.1409111023,8.2903913102
178,26,-93.7915802002,41.3530197144,23.5854336529
178,27,-93.7854385376,41.5440444946,21.2471534412
178,28,-93.7840270996,41.5813522339,4.15009307
179,1,-94.567276001,39.1603050232,277.2611316653
179,2,-94.5979003906,39.1817474365,3.5572975851
179,3,-94.6229324341,39.1911582947,2.397814891
179,4,-94.6896286011,39.2923469543,12.6329336064
179,5,-94.6923141479,39.3049468994,1.4199798186
179,6,-94.7602767944,39.3388633728,6.9570517829
179,7,-94.7854995728,39.3764915466,4.7126443863
179,8,-94.7878646851,39.6999969482,35.9727311483
179,9,-94.788269043,39.7136001587,1.5130034513
179,10,-94.7876739502,39.7463150024,3.6380805972
179,11,-94.8039932251,39.8051071167,6.6844900881
179,12,-94.8162078857,39.8486328125,4.9509631494
179,13,-94.8546447754,39.873336792,4.2788897186
179,14,-94.9742202759,39.9617271423,14.1631509887
179,15,-95.0254058838,39.9708404541,4.4783126737
179,16,-95.1551132202,40.0454597473,13.8161208413
179,17,-95.2178192139,40.0771446228,6.3946306062
179,18,-95.2597198486,40.1265640259,6.5496247698
179,19,-95.2776412964,40.1494827271,2.969091402
179,20,-95.3635253906,40.1949119568,8.8750209051
179,21,-95.3819122314,40.2131385803,2.5584852882
179,22,-95.4910964966,40.2905311584,12.6457602299
179,23,-95.5723342896,40.4094924927,14.912081754
179,24,-95.6544952393,40.5684890747,18.9959198141
179,25,-95.6817321777,40.588104248,3.1699417946
179,26,-95.7540283203,40.6400756836,8.4045515135
179,27,-95.8053436279,40.6907958984,7.1091948673
179,28,-95.8308029175,40.7379264832,5.6629574907
179,29,-95.8179321289,40.953994751,24.0500753483
179,30,-95.8301620483,41.0032615662,5.5735927585
179,31,-95.8512191772,41.077796936,8.4740214354
179,32,-95.8312454224,41.2063522339,14.3922155726
179,33,-95.903465271,41.233341217,6.7448431086
180,1,-94.567276001,39.1603050232,256.9246650511
180,2,-94.5668411255,39.1285514832,3.5310317187
180,3,-94.5651321411,39.1041107178,2.7216855359
180,4,-94.5576171875,39.0898895264,1.7091381932
181,1,-94.5576171875,39.0898895264,0
181,2,-94.5913238525,39.0880584717,2.9162009394
182,1,-77.4339294434,39.3931312561,1475.7607689172
182,2,-77.4131164551,39.373626709,2.8112974115
182,3,-77.3394775391,39.3042030334,9.9848441937
182,4,-77.3235244751,39.2624778748,4.8385299462
182,5,-77.277305603,39.2229690552,5.9281058134
182,6,-77.2560272217,39.1925621033,3.8461685774
182,7,-77.2175979614,39.1507797241,5.7061126469
182,8,-77.1740188599,39.0786056519,8.8624321333
182,9,-77.1416778564,39.0277519226,6.3066776325
183,1,-78.2988204956,39.0121002197,99.9804281793
183,2,-78.2681045532,39.0199966431,2.7951951372
183,3,-78.2070236206,39.0724868774,7.8670432971
183,4,-78.1679229736,39.1379737854,8.0254328466
183,5,-78.1538162231,39.1525535583,2.0268717461
183,6,-78.12915802,39.182598114,3.9597826538
183,7,-78.1371154785,39.2106590271,3.194692951
183,8,-78.1396636963,39.2301368713,2.1769334221
183,9,-78.098991394,39.2675094604,5.4346484825
183,10,-78.0857391357,39.29895401,3.6778094205
183,11,-78.0610656738,39.3574371338,6.8405549243
183,12,-78.0156478882,39.4138412476,7.3872685776
183,13,-77.9691390991,39.4951667786,9.8853647998
183,14,-77.9010314941,39.5756378174,10.6855046154
183,15,-77.8724136353,39.5802612305,2.505977929
183,16,-77.8414459229,39.5892906189,2.8373864772
183,17,-77.8080368042,39.5990219116,3.0603241756
183,18,-77.7949447632,39.6090278625,1.5798553789
184,1,-77.1416778564,39.0277519226,85.648569453
184,2,-77.117477417,39.0118141174,2.7407448587
185,1,-77.117477417,39.0118141174,0
185,2,-77.1483078003,39.0037460327,2.8109130278
186,1,-77.1416778564,39.0277519226,2.7300981527
186,2,-77.1483078003,39.0037460327,2.7300981527
187,1,-76.9534072876,39.0170936584,16.9050616553
187,2,-77.020362854,39.0123825073,5.8084101844
187,3,-77.0417251587,39.0047607422,2.0310617038
187,4,-77.0755157471,38.9971733093,3.0394058643
187,5,-77.1062469482,39.0076980591,2.9019767752
187,6,-77.117477417,39.0118141174,1.0728663112
188,1,-95.6232528687,39.0206565857,1596.0338834726
188,2,-95.5905227661,39.029094696,2.978987048
188,3,-95.4978790283,39.0155601501,8.1435245396
188,4,-95.3755569458,38.9954986572,10.8024338169
188,5,-95.2284240723,38.9885940552,12.7390257751
188,6,-95.1618347168,39.0038337708,5.9989240428
188,7,-95.058052063,39.0566329956,10.7159304209
188,8,-94.8774032593,39.0902824402,16.037080337
188,9,-94.8503494263,39.1001930237,2.5817117464
188,10,-94.81224823,39.1008720398,3.2886865318
188,11,-94.7168731689,39.1038780212,8.236652358
188,12,-94.6847229004,39.104385376,2.7747355495
188,13,-94.6512832642,39.0934562683,3.1310906369
188,14,-94.6082611084,39.0914878845,3.719328132
188,15,-94.6039352417,39.0912895203,0.3739861204
188,16,-94.5913238525,39.0880584717,1.1461902453
189,1,-77.022315979,38.8945465088,1516.1900845381
189,2,-77.0483703613,38.8878440857,2.3749079512
189,3,-77.0682296753,38.8870201111,1.7213035785
189,4,-77.0785293579,38.8865890503,0.8927536994
189,5,-77.1098327637,38.8912277222,2.7579776156
189,6,-77.1524200439,38.8859138489,3.7330149923
189,7,-77.1760101318,38.8977622986,2.4298309268
189,8,-77.1943511963,38.8959960938,1.5993486611
189,9,-77.2233734131,38.8824691772,2.9277752631
190,1,-77.1483078003,39.0037460327,14.9666643749
190,2,-77.1572647095,38.9879074097,1.9237711809
190,3,-77.1845474243,38.9748344421,2.7702751942
190,4,-77.185836792,38.968875885,0.6718719069
190,5,-77.1881713867,38.9580764771,1.217685328
190,6,-77.2101974487,38.9254951477,4.0931706715
190,7,-77.2185440063,38.9064788818,2.234417304
190,8,-77.2233734131,38.8824691772,2.7022748359
191,1,-97.6434555054,38.8784980774,1763.8599067428
191,2,-97.6118927002,38.8825035095,2.7681556079
191,3,-97.5230026245,38.9068984985,8.1570688392
191,4,-97.4425582886,38.9061050415,6.9613079895
191,5,-97.3994140625,38.9260063171,4.339374742
191,6,-97.2127151489,38.9396514893,16.2199524478
191,7,-97.1508026123,38.9452056885,5.3900028856
191,8,-97.0845718384,38.9728126526,6.4975097728
191,9,-97.0334625244,38.9850502014,4.6227243072
191,10,-96.8634643555,39.0024032593,14.8178102415
191,11,-96.8005905151,39.0304412842,6.2630803292
191,12,-96.7722015381,39.0384407043,2.608381166
191,13,-96.7405471802,39.0599250793,3.6303051395
191,14,-96.5367126465,39.056022644,17.6052009272
191,15,-96.4750137329,39.0644340515,5.4086350209
191,16,-96.2921218872,39.0578041077,15.8080773986
191,17,-96.1621704102,39.0495567322,11.2586024687
191,18,-95.8758163452,39.0537071228,24.7314258511
191,19,-95.8163986206,39.046913147,5.1862281205
191,20,-95.7757949829,39.0500411987,3.523554909
191,21,-95.727355957,39.0546073914,4.2134500648
191,22,-95.6735305786,39.0448265076,4.7735785673
191,23,-95.6517181396,39.0356254578,2.1437394116
191,24,-95.6232528687,39.0206565857,2.9692295874
192,1,-104.9919433594,39.774269104,808.9974707765
192,2,-104.9338226318,39.7736053467,4.9676384988
192,3,-104.8733215332,39.7729797363,5.1710368546
192,4,-104.8259277344,39.771068573,4.0560333086
192,5,-104.7769927979,39.7614707947,4.3165346782
192,6,-104.7267379761,39.7355575562,5.1732009718
192,7,-104.6378936768,39.7291984558,7.6301923963
192,8,-104.4291687012,39.7315292358,17.8511344089
192,9,-104.3850402832,39.7203063965,3.9748891247
192,10,-104.2587814331,39.7195205688,10.7990998356
192,11,-104.2153167725,39.7091331482,3.8930625258
192,12,-104.1550064087,39.6954574585,5.3790055161
192,13,-104.0958175659,39.6626853943,6.239953135
192,14,-103.9988708496,39.5385932922,16.1054785682
192,15,-103.9228210449,39.4593772888,10.9620598618
192,16,-103.9092636108,39.4102134705,5.5893831204
192,17,-103.8698501587,39.3524780273,7.2587815806
192,18,-103.8372650146,39.3385810852,3.199882075
192,19,-103.8160171509,39.3067855835,3.9799907522
192,20,-103.7928848267,39.289981842,2.730093351
192,21,-103.7120437622,39.2710418701,7.2698122905
192,22,-103.6887893677,39.2687301636,2.0182699261
192,23,-103.6778106689,39.2594032288,1.4031888517
192,24,-103.6672515869,39.2441749573,1.9219621932
192,25,-103.6492080688,39.2367782593,1.7581546119
192,26,-103.6112594604,39.2415046692,3.3101916892
192,27,-103.5796127319,39.2547340393,3.0968159894
192,28,-103.0305938721,39.2572517395,47.2719249984
192,29,-102.9073028564,39.2763824463,10.8249336427
192,30,-102.8069992065,39.2842750549,8.6777557866
192,31,-102.2720184326,39.2769546509,46.0534192128
192,32,-102.2429275513,39.2807579041,2.5394038964
192,33,-102.2086791992,39.3027153015,3.827252736
192,34,-102.1112365723,39.3159217834,8.511181149
192,35,-102.0478134155,39.316368103,5.4563457567
192,36,-101.7241210938,39.3181266785,27.8465952577
192,37,-101.7051544189,39.3181610107,1.6316088387
192,38,-101.4274520874,39.3160400391,23.8907980648
192,39,-101.3131790161,39.3585319519,10.9044383506
192,40,-101.2036972046,39.3596801758,9.4134989837
192,41,-101.0501785278,39.3610343933,13.199297956
192,42,-101.0187149048,39.3504905701,2.9483303447
192,43,-100.86668396,39.1834564209,22.7214539942
192,44,-100.7997131348,39.1114768982,9.8697948485
192,45,-100.4761428833,39.0974502563,27.9634089852
192,46,-100.4359512329,39.0889511108,3.5950125309
192,47,-100.3192596436,39.083366394,10.0907022953
192,48,-100.1729125977,39.0148010254,14.7594045463
192,49,-99.9348373413,39.0142936707,20.5690399578
192,50,-99.8888320923,39.0060005188,4.0805234279
192,51,-99.8734893799,39.0035324097,1.3538542962
192,52,-99.7310333252,38.9684906006,12.9145553316
192,53,-99.6589202881,38.9647216797,6.2486350028
192,54,-99.5832061768,38.9404563904,7.0813766227
192,55,-99.5198974609,38.9403686523,5.4754159232
192,56,-99.4423675537,38.9200668335,7.0760807903
192,57,-99.3721313477,38.9147987366,6.1046861783
192,58,-99.310760498,38.8901557922,5.9759083457
192,59,-99.2510528564,38.8704986572,5.6115300423
192,60,-99.1281509399,38.8686599731,10.6420432709
192,61,-99.0731582642,38.851272583,5.1391151823
192,62,-98.9969177246,38.8511161804,6.6021589805
192,63,-98.8555984497,38.8527107239,12.2388628465
192,64,-98.7971954346,38.8496398926,5.0689907509
192,65,-98.5772781372,38.8505401611,19.0445427415
192,66,-98.4613723755,38.8373184204,10.1451080764
192,67,-98.2238388062,38.8357963562,20.5744120198
192,68,-98.1694488525,38.8361587524,4.7111396029
192,69,-98.1388549805,38.8457641602,2.85685981
192,70,-98.0023574829,38.8814430237,12.4662278981
192,71,-97.6434555054,38.8784980774,31.0686537093
193,1,-78.2988204956,39.0121002197,1669.857662531
193,2,-78.2576522827,38.9828948975,4.8169620075
193,3,-78.1958847046,38.9615020752,5.845613631
193,4,-78.0984268188,38.9112434387,10.1136294364
193,5,-77.9688873291,38.905456543,11.2270547175
193,6,-77.8379821777,38.8560256958,12.5939049035
193,7,-77.7789077759,38.8602523804,5.136661655
193,8,-77.7120666504,38.8340950012,6.4781646526
193,9,-77.6464691162,38.8224067688,5.8290618668
193,10,-77.5915222168,38.8025169373,5.2494194848
193,11,-77.5248031616,38.7989234924,5.7955006163
193,12,-77.4497909546,38.8306427002,7.3944584432
193,13,-77.4308776855,38.8455924988,2.3338396935
193,14,-77.3499145508,38.8586654663,7.1601149346
193,15,-77.2233734131,38.8824691772,11.2702075553
194,1,-77.1723556519,38.7907867432,11.1110977097
194,2,-77.1285400391,38.8164978027,4.7528106199
194,3,-77.1012954712,38.8304634094,2.8252477676
194,4,-77.0514907837,38.861114502,5.4972735952
194,5,-77.0456390381,38.8678245544,0.9018807246
194,6,-77.022315979,38.8945465088,3.5922959352
195,1,-77.2233734131,38.8824691772,17.453399098
195,2,-77.2222595215,38.8634300232,2.1192523168
195,3,-77.2188415527,38.8303337097,3.6920269129
195,4,-77.2094726563,38.809009552,2.5062130328
195,5,-77.1723556519,38.7907867432,3.8015438793
196,1,-90.1962203979,38.6256141663,1129.2741091761
196,2,-90.210647583,38.6554450989,3.5458277261
196,3,-90.2576141357,38.6950531006,6.0016923865
196,4,-90.3996505737,38.7385177612,13.2368806172
196,5,-90.4451141357,38.7413520813,3.9556943244
196,6,-90.5513839722,38.7871818542,10.5291767806
196,7,-90.6944580078,38.7999343872,12.4805085464
196,8,-90.8243560791,38.7995185852,11.2568998464
196,9,-90.8663330078,38.8022346497,3.6501256325
196,10,-91.0241241455,38.8366584778,14.1959855003
196,11,-91.0642623901,38.8347969055,3.4827295105
196,12,-91.0970687866,38.82213974,3.1712332914
196,13,-91.1455612183,38.8246765137,4.2103567144
196,14,-91.1810684204,38.8273735046,3.0904590957
196,15,-91.2531433105,38.8522109985,6.8260680292
196,16,-91.2791442871,38.8522949219,2.2515699721
196,17,-91.3350906372,38.8678016663,5.1418626784
196,18,-91.390663147,38.8683242798,4.8115741288
196,19,-91.4482421875,38.8865623474,5.3810566894
196,20,-91.4935531616,38.9003448486,4.2102554551
196,21,-91.6337509155,38.9007225037,12.1322298408
196,22,-91.7304534912,38.9094314575,8.423571324
196,23,-91.8052597046,38.9352455139,7.0794595671
196,24,-91.94165802,38.9407539368,11.8130284238
196,25,-91.9821090698,38.9476661682,3.581758301
196,26,-92.2945709229,38.9614143372,27.0618335091
196,27,-92.3226165771,38.9671287537,2.5066527832
196,28,-92.3430557251,38.9603157043,1.9226891735
196,29,-92.4355926514,38.9645042419,8.0143404589
196,30,-92.5292434692,38.9686203003,8.1095546983
196,31,-92.5875473022,38.933631897,6.3683474228
196,32,-92.7786483765,38.9305152893,16.5334113555
196,33,-92.9642562866,38.9286842346,16.0564847103
196,34,-93.0206985474,38.9452362061,5.2172049224
196,35,-93.1299514771,38.9506835938,9.4673941595
196,36,-93.2130050659,38.9636230469,7.3241086815
196,37,-93.4628295898,38.9754371643,21.6377099606
196,38,-93.6144256592,38.9949951172,13.2821125115
196,39,-93.6383285522,38.9878425598,2.2136223812
196,40,-93.7387313843,39.0007553101,8.7949736385
196,41,-94.1537780762,39.0217247009,35.9361252345
196,42,-94.2516860962,39.0248718262,8.4651402915
196,43,-94.2899475098,39.0365142822,3.5494217496
196,44,-94.372756958,39.0419120789,7.1771258465
196,45,-94.4602127075,39.0457077026,7.5645625047
196,46,-94.4939346313,39.0529785156,3.0221831034
196,47,-94.5361175537,39.0685501099,4.032723748
196,48,-94.5576171875,39.0898895264,3.0123656676
197,1,-90.1385192871,38.6281929016,386.0232393435
197,2,-90.1836776733,38.6227073669,3.9700595303
197,3,-90.1962203979,38.6256141663,1.1365391885
198,1,-90.2319869995,38.6090888977,3.6100516437
198,2,-90.2132034302,38.6150932312,1.7633225924
198,3,-90.2080001831,38.6255455017,1.2470527743
198,4,-90.1962203979,38.6256141663,1.0233399667
199,1,-121.4729232788,38.5685424805,2704.7414187144
199,2,-121.5104522705,38.6229858398,6.8764965193
199,3,-121.5230636597,38.636138916,1.827339931
199,4,-121.5556640625,38.6671562195,4.4620366106
199,5,-121.7231521606,38.6658554077,14.5421227235
199,6,-121.7532272339,38.683757782,3.2831598663
199,7,-121.7933654785,38.7017211914,4.0155774711
199,8,-121.9415817261,38.8415641785,20.1717966324
200,1,-96.2357635498,38.4108428955,2226.1670955924
200,2,-96.225440979,38.4235610962,1.6759301068
200,3,-96.2094039917,38.4419403076,2.4754521912
200,4,-96.1976013184,38.4586791992,2.1262026205
200,5,-96.1878814697,38.4709739685,1.6078408029
200,6,-96.1827850342,38.4762001038,0.7311215144
200,7,-96.1753158569,38.4817771912,0.8985003769
200,8,-96.1678161621,38.4878120422,0.9361722381
200,9,-96.1591339111,38.4937896729,1.0063796538
200,10,-96.1510391235,38.499797821,0.970867577
200,11,-96.1441802979,38.5049438477,0.8268348784
200,12,-96.1383666992,38.5119552612,0.9293625628
200,13,-96.1309814453,38.5243453979,1.5201785145
200,14,-96.1274108887,38.5328063965,0.9907628505
200,15,-96.1202163696,38.5424842834,1.2448408043
200,16,-96.1110992432,38.5543441772,1.5387498421
200,17,-96.0979537964,38.5646591187,1.6192538947
200,18,-96.084777832,38.5754356384,1.6577219384
200,19,-96.0712661743,38.5907287598,2.0666649009
200,20,-96.051940918,38.6125793457,2.9535614627
200,21,-96.0420761108,38.6262168884,1.7418520471
200,22,-96.0329589844,38.6376113892,1.4941481473
200,23,-96.0269927979,38.6464271545,1.1087924236
200,24,-96.0186004639,38.656047821,1.2944226087
200,25,-96.0103683472,38.6633911133,1.0851954885
200,26,-96.0020751953,38.6716537476,1.1672761229
200,27,-95.9982757568,38.675113678,0.5067617395
200,28,-95.9959945679,38.6818237305,0.7719540222
200,29,-95.9946136475,38.6844825745,0.3190240903
200,30,-95.9918136597,38.6902618408,0.6870432557
200,31,-95.987739563,38.6973457336,0.8634113845
200,32,-95.9800567627,38.7051696777,1.09606585
200,33,-95.9656295776,38.7163276672,1.7624905212
200,34,-95.9529953003,38.7271118164,1.6245949749
200,35,-95.9408035278,38.739730835,1.7570451859
200,36,-95.9299621582,38.7501373291,1.4909766148
200,37,-95.9254226685,38.7553787231,0.7033007368
200,38,-95.9186706543,38.7664299011,1.3611667879
200,39,-95.9159317017,38.7713012695,0.5914336795
200,40,-95.9138183594,38.7757415771,0.5266342766
200,41,-95.9129486084,38.779335022,0.4066237404
200,42,-95.9084396362,38.784122467,0.6604103502
200,43,-95.9045944214,38.7880363464,0.5481617049
200,44,-95.9012680054,38.792881012,0.6109969844
200,45,-95.9002609253,38.798286438,0.6073595334
200,46,-95.8974533081,38.8040657043,0.6871402705
200,47,-95.8933944702,38.8106918335,0.8164266732
200,48,-95.891242981,38.8155860901,0.5752568015
200,49,-95.8822174072,38.8251609802,1.3209610657
200,50,-95.8706970215,38.8364448547,1.6031575787
200,51,-95.8617095947,38.8455696106,1.2788099025
200,52,-95.8372650146,38.8630714417,2.8753847574
200,53,-95.8172912598,38.8762321472,2.2653226823
200,54,-95.8083572388,38.8844451904,1.1966911514
200,55,-95.7936553955,38.8983039856,1.9984435792
200,56,-95.7832870483,38.9096260071,1.5459342138
200,57,-95.7742080688,38.9196472168,1.3633401408
200,58,-95.7665481567,38.9265670776,1.0154607347
200,59,-95.7596282959,38.9316902161,0.826325527
200,60,-95.7532272339,38.9377555847,0.8725832892
200,61,-95.7400741577,38.9466781616,1.5094252596
200,62,-95.7331085205,38.952255249,0.8645343211
200,63,-95.7241973877,38.960018158,1.1570755571
200,64,-95.71509552,38.970035553,1.3638127974
200,65,-95.7065887451,38.9800796509,1.3372090854
200,66,-95.6975631714,38.9891929626,1.2788511628
200,67,-95.6913986206,38.9920883179,0.6224979086
200,68,-95.6876373291,38.9946289063,0.4306639525
200,69,-95.6820983887,38.9970932007,0.5515559355
200,70,-95.6773376465,38.9973220825,0.4122007334
200,71,-95.6688842773,38.9992027283,0.7598552341
200,72,-95.6603927612,39.0015258789,0.7779301287
200,73,-95.646812439,39.0081520081,1.3855931979
200,74,-95.6350326538,39.0144081116,1.2328054514
200,75,-95.6232528687,39.0206565857,1.2322526288
201,1,-96.2357635498,38.4108428955,86.150591206
201,2,-96.1811599731,38.4175720215,4.8158526199
201,3,-96.1349411011,38.4060287476,4.2265930233
201,4,-95.9724197388,38.408367157,14.1635310824
201,5,-95.912689209,38.4201965332,5.3677145054
201,6,-95.7428436279,38.4250793457,14.8061287549
201,7,-95.6962127686,38.4342384338,4.1876055084
201,8,-95.634262085,38.4508285522,5.702027344
201,9,-95.5885925293,38.4550018311,4.0038377755
201,10,-95.546913147,38.4607086182,3.6842067714
201,11,-95.4103088379,38.5171546936,13.4444331654
201,12,-95.3667602539,38.5445137024,4.8584266108
201,13,-95.3047485352,38.5595817566,5.6467842025
201,14,-95.2671890259,38.5713119507,3.5163914606
201,15,-95.2442550659,38.5842323303,2.4573373638
201,16,-95.2375488281,38.6143226624,3.396267631
201,17,-95.227180481,38.6319656372,2.1587057969
201,18,-95.0751800537,38.6954612732,14.9671989878
201,19,-94.9019165039,38.7880897522,18.2180392493
201,20,-94.8219985962,38.846496582,9.4931122373
201,21,-94.7983322144,38.8720245361,3.5009554311
201,22,-94.7433547974,38.9281044006,7.8434381518
201,23,-94.7007751465,38.9775772095,6.6196069028
201,24,-94.6910171509,39.0120315552,3.9228620393
201,25,-94.6891555786,39.0255622864,1.5131196855
201,26,-94.6715164185,39.030040741,1.6029961392
201,27,-94.6572418213,39.036529541,1.4285551914
201,28,-94.6505661011,39.0507011414,1.6779624119
201,29,-94.608581543,39.0723724365,4.352805759
201,30,-94.590637207,39.0801925659,1.7763655364
201,31,-94.5913238525,39.0880584717,0.8766544199
202,1,-80.245300293,40.1820373535,1233.1515081609
202,2,-80.2318496704,40.1415634155,4.6433755499
202,3,-80.2031707764,40.1026573181,4.9660803516
202,4,-80.1805038452,40.0432662964,6.8798603438
202,5,-80.17527771,39.9354286194,11.9992656102
202,6,-80.1467895508,39.8788833618,6.740754092
202,7,-80.0942230225,39.8010673523,9.7474660202
202,8,-80.0868682861,39.7631225586,4.2658182572
202,9,-80.0595855713,39.7212905884,5.2036489339
202,10,-80.0381469727,39.6883850098,4.0928478881
202,11,-80.0167999268,39.6593399048,3.7106191649
202,12,-79.9956970215,39.6194000244,4.7946592186
202,13,-79.9730529785,39.5686073303,5.9718683356
202,14,-79.9978561401,39.5263977051,5.1528293057
202,15,-80.0448226929,39.5218238831,4.0603444754
202,16,-80.1176071167,39.4890289307,7.2312740646
202,17,-80.1907730103,39.4362297058,8.5976994659
202,18,-80.2099914551,39.4086074829,3.4869669029
202,19,-80.225982666,39.327091217,9.1678422447
202,20,-80.2688903809,39.2821540833,6.212689411
202,21,-80.3907775879,39.1329154968,19.6384618294
202,22,-80.38256073,39.0455856323,9.7364981669
202,23,-80.4369888306,39.0284385681,5.0728770229
202,24,-80.4576034546,39.0107192993,2.6558813302
202,25,-80.4856338501,39.0009803772,2.6531074346
202,26,-80.5183792114,38.9620933533,5.1680351665
202,27,-80.5375900269,38.9543685913,1.8700205052
202,28,-80.6485824585,38.8377761841,16.135129146
202,29,-80.6639328003,38.8101730347,3.3450150922
202,30,-80.6839981079,38.7284851074,9.2483595915
202,31,-80.7226638794,38.6952857971,4.9882780551
202,32,-80.7340774536,38.6732177734,2.646290144
202,33,-80.7626190186,38.6257591248,5.8302485741
202,34,-80.8839492798,38.6111526489,10.6654141385
202,35,-80.9342498779,38.6156616211,4.3990264393
202,36,-81.0372619629,38.6009597778,9.0988893448
202,37,-81.1042022705,38.5963020325,5.8403077316
202,38,-81.1565856934,38.5716285706,5.3158932298
202,39,-81.2831268311,38.5696258545,11.0033172155
202,40,-81.3427810669,38.5278663635,6.9623268288
202,41,-81.372718811,38.5151329041,2.9644571444
202,42,-81.4558410645,38.4848213196,7.980184139
202,43,-81.5372390747,38.435005188,8.9952516921
202,44,-81.5594863892,38.4120445251,3.2053776951
202,45,-81.6102828979,38.3953857422,4.7982897007
203,1,-121.4729232788,38.5685424805,3441.9948349048
203,2,-121.5717391968,38.565826416,8.596444298
203,3,-121.6800308228,38.5454292297,9.6857706735
203,4,-121.7534561157,38.5149383545,7.2310468087
203,5,-121.9293060303,38.3804969788,21.4008032022
204,1,-78.2988204956,39.0121002197,3750.0990053532
204,2,-78.36277771,39.0125770569,5.5261330558
204,3,-78.393447876,39.0028419495,2.862627057
204,4,-78.4462661743,38.9666442871,6.0862303461
204,5,-78.5511703491,38.8542938232,15.4420489807
204,6,-78.603843689,38.8207473755,5.8930364239
204,7,-78.6669616699,38.7417526245,10.3483726044
204,8,-78.6655960083,38.6932678223,5.3925658129
204,9,-78.6814727783,38.6541366577,4.5642648922
204,10,-78.7541275024,38.5614051819,12.0903843223
204,11,-78.8050079346,38.4770202637,10.3748832413
204,12,-78.8489761353,38.4384727478,5.7471095868
204,13,-78.9229660034,38.3755378723,9.5150958021
204,14,-78.9428405762,38.2520141602,13.8442301882
204,15,-79.0348129272,38.1375770569,15.0506233698
204,16,-79.0472488403,38.116569519,2.5767885019
205,1,-122.1242446899,38.0575218201,3735.1427505618
205,2,-122.1716766357,38.0827636719,5.0118073038
205,3,-122.215675354,38.0922470093,3.9924617838
206,1,-84.4422912598,38.0518608093,3283.2109687313
206,2,-84.4745330811,38.076789856,3.9561574625
206,3,-84.5298233032,38.1076431274,5.931424664
206,4,-84.6209182739,38.1557769775,9.5984235874
206,5,-84.6906204224,38.1562652588,6.0947226105
206,6,-84.8292312622,38.1697921753,12.2114075099
206,7,-84.8976593018,38.1533164978,6.2568404939
206,8,-84.9704818726,38.1501350403,6.3775123716
206,9,-85.026802063,38.1390457153,5.0771985239
206,10,-85.1160354614,38.1649551392,8.317537241
206,11,-85.1986312866,38.1755905151,7.3166464195
206,12,-85.2929077148,38.1979103088,8.6053447106
206,13,-85.5063552856,38.2286338806,18.9586924451
206,14,-85.6331100464,38.2376823425,11.1168270617
206,15,-85.6675109863,38.241481781,3.0339913881
206,16,-85.7269515991,38.2487640381,5.2536747475
207,1,-84.4313964844,38.0400657654,115.6473929763
207,2,-84.4422912598,38.0518608093,1.6218317094
208,1,-87.5499572754,37.7961769104,274.0497524259
208,2,-87.5556106567,37.8026123047,0.8710839164
208,3,-87.5571517944,37.810344696,0.8703977839
208,4,-87.5603179932,37.8230857849,1.4437857496
208,5,-87.5617523193,37.8348922729,1.3188515696
208,6,-87.5643081665,37.8485450745,1.534622227
208,7,-87.5681686401,37.8572120667,1.0215915568
208,8,-87.5749130249,37.8668403625,1.2234260926
208,9,-87.5710983276,37.8790206909,1.3951656598
208,10,-87.5611038208,37.9042510986,2.9393860686
208,11,-87.5528488159,37.9295082092,2.9003187631
208,12,-87.5517883301,37.9381217957,0.962292251
208,13,-87.5498809814,37.9534873962,1.7167433033
208,14,-87.5470352173,37.9729347229,2.1767875472
208,15,-87.54322052,37.984664917,1.3465097201
208,16,-87.5394897461,37.993221283,1.0060342674
208,17,-87.536895752,38.002696991,1.077889003
208,18,-87.5342025757,38.0162506104,1.5254525065
208,19,-87.532661438,38.0302772522,1.5655226588
208,20,-87.5352783203,38.0416564941,1.2859026818
208,21,-87.5391235352,38.05078125,1.0690391652
208,22,-87.5406341553,38.0598716736,1.0194257161
208,23,-87.5428543091,38.0644416809,0.5440665148
208,24,-87.5466308594,38.0762939453,1.3587434119
208,25,-87.5487213135,38.0858421326,1.0773605053
208,26,-87.5472564697,38.096698761,1.2139894259
208,27,-87.5461273193,38.1615104675,7.2074096863
209,1,-79.3999023438,37.7942733765,714.9458238561
209,2,-79.3586807251,37.8461341858,6.8091468577
209,3,-79.2606124878,37.9101867676,11.1719536032
209,4,-79.2172622681,37.9516105652,5.9725908966
209,5,-79.169128418,38.0162086487,8.3301458388
209,6,-79.1344985962,38.0352630615,3.7000009791
209,7,-79.0916824341,38.0611495972,4.7267341603
209,8,-79.0472488403,38.116569519,7.286777503
210,1,-82.8338394165,37.8248405457,333.4817307162
210,2,-82.8447113037,37.8272438049,0.9915688349
210,3,-82.8614044189,37.8295211792,1.4878227583
210,4,-82.872428894,37.8301200867,0.9705202786
210,5,-82.8826141357,37.827041626,0.9577995826
210,6,-82.8923034668,37.8230247498,0.9611193218
210,7,-82.9014587402,37.8185195923,0.9474368664
210,8,-82.9118881226,37.8127250671,1.1200318448
210,9,-82.9198379517,37.8086090088,0.8349917499
210,10,-82.9260025024,37.804851532,0.6840112203
210,11,-82.9366531372,37.8031616211,0.9544082872
210,12,-82.9488525391,37.8038139343,1.0742553695
210,13,-82.9578857422,37.8006629944,0.8675421286
210,14,-82.9669723511,37.7970619202,0.8931609309
210,15,-82.9755096436,37.7929725647,0.8772044656
210,16,-82.9849319458,37.7921180725,0.8333727822
210,17,-82.9955062866,37.7913169861,0.9334386974
210,18,-83.0031509399,37.7908210754,0.6740093266
210,19,-83.0116958618,37.7867279053,0.8780518756
210,20,-83.0195770264,37.7835159302,0.7792550422
210,21,-83.0294036865,37.7781295776,1.0509707369
210,22,-83.0394439697,37.7704849243,1.2252804161
210,23,-83.0481796265,37.7641296387,1.0435550432
210,24,-83.0545654297,37.758102417,0.8742357116
210,25,-83.0624389648,37.7548828125,0.7792866798
210,26,-83.0691452026,37.7516059875,0.6930948227
210,27,-83.076751709,37.7447357178,1.0153212734
210,28,-83.0910797119,37.7409477234,1.3283956226
210,29,-83.1108779907,37.7410812378,1.7409525654
210,30,-83.1303939819,37.7443809509,1.7548146511
210,31,-83.1537857056,37.7501449585,2.1542449765
210,32,-83.1724853516,37.7565727234,1.7926564829
210,33,-83.1883773804,37.7546691895,1.4130740374
210,34,-83.2074279785,37.7502059937,1.7468663864
210,35,-83.2290649414,37.7495040894,1.9039403664
210,36,-83.2529220581,37.7502784729,2.099303427
210,37,-83.275352478,37.7541542053,2.0185796315
210,38,-83.3047790527,37.7579231262,2.6207183828
210,39,-83.3318710327,37.7620239258,2.4248830227
210,40,-83.3513641357,37.7661895752,1.7750221927
210,41,-83.3607025146,37.7662010193,0.8208577841
210,42,-83.3730392456,37.7581939697,1.4031382021
210,43,-83.3842544556,37.7496757507,1.3672395123
210,44,-83.3985366821,37.7394828796,1.6916282935
210,45,-83.4158782959,37.7344436646,1.6246423624
210,46,-83.4308319092,37.7370033264,1.3454351265
210,47,-83.4444274902,37.7349510193,1.2171440018
210,48,-83.4511871338,37.7307472229,0.7562220961
210,49,-83.4596176147,37.7275238037,0.8235155191
210,50,-83.477935791,37.7316131592,1.6739348597
210,51,-83.4924316406,37.7395973206,1.5534249587
210,52,-83.5065689087,37.7448425293,1.3731129621
210,53,-83.5180282593,37.7472190857,1.041646184
210,54,-83.532699585,37.7461280823,1.2956626264
210,55,-83.5510177612,37.7429428101,1.6491483611
210,56,-83.5649185181,37.7440681458,1.2286596628
210,57,-83.5833816528,37.7463378906,1.6428979149
210,58,-83.5942764282,37.7486839294,0.9927940124
210,59,-83.6088027954,37.7566490173,1.5541765464
210,60,-83.6164245605,37.7633743286,1.0040728653
210,61,-83.6218109131,37.7690887451,0.7924158565
210,62,-83.6277694702,37.7748260498,0.825396636
210,63,-83.6372146606,37.7807312012,1.0584165269
210,64,-83.6456756592,37.7843170166,0.8437279904
210,65,-83.646736145,37.7929916382,0.969065107
210,66,-83.6538009644,37.7996940613,0.9699337906
210,67,-83.6686630249,37.8035812378,1.3754496161
210,68,-83.6923904419,37.8060760498,2.1029612033
210,69,-83.7095565796,37.8105239868,1.5871004304
210,70,-83.7191162109,37.8150634766,0.9798029322
210,71,-83.7287979126,37.8182449341,0.9210972526
210,72,-83.7411575317,37.8170089722,1.0943362004
210,73,-83.7520904541,37.8188972473,0.9830317013
210,74,-83.7656097412,37.8177146912,1.1947847035
210,75,-83.777961731,37.8164710999,1.0937860603
210,76,-83.7888412476,37.8192481995,1.0043089463
210,77,-83.8038864136,37.8208694458,1.3337669819
210,78,-83.8133392334,37.8194885254,0.8443883876
210,79,-83.8268814087,37.8255691528,1.3682088047
210,80,-83.8324127197,37.829460144,0.6505394036
210,81,-83.8390426636,37.8343086243,0.7935288514
210,82,-83.8511581421,37.8362312317,1.0852376862
210,83,-83.8636856079,37.8327217102,1.1673260777
210,84,-83.8736877441,37.8318214417,0.8841015581
210,85,-83.8897018433,37.8284721375,1.4549177044
210,86,-83.9048309326,37.8291625977,1.3309578509
210,87,-83.9195098877,37.8357391357,1.4821132985
210,88,-83.9333648682,37.8454551697,1.6270941514
210,89,-83.9402542114,37.8548469543,1.2068552829
210,90,-83.9414520264,37.869884491,1.675400862
210,91,-83.9419174194,37.8871574402,1.9210986118
210,92,-83.9487304688,37.8974571228,1.2919281897
210,93,-83.9635467529,37.9103813171,1.9378139842
210,94,-83.9795837402,37.922454834,1.9445939808
210,95,-83.9954681396,37.936794281,2.1173732653
210,96,-84.0036315918,37.9448776245,1.1490759377
210,97,-84.0195159912,37.9514961243,1.5752954738
210,98,-84.0393676758,37.9596443176,1.9622159751
210,99,-84.053062439,37.9643440247,1.3093976316
210,100,-84.0699157715,37.9737129211,1.8077289436
210,101,-84.088180542,37.9799690247,1.7455243808
210,102,-84.1029281616,37.9860687256,1.4596768829
210,103,-84.1151428223,37.9952392578,1.4783839659
210,104,-84.1218338013,38.0077857971,1.5132907549
210,105,-84.1252746582,38.0165672302,1.0219230599
211,1,-79.3999023438,37.7942733765,415.2749592838
211,2,-79.4193496704,37.8030357361,1.966968403
211,3,-79.4288101196,37.8083267212,1.0182982404
211,4,-79.491569519,37.8454017639,6.8832293862
211,5,-79.5433502197,37.8613395691,4.87943449
211,6,-79.5889816284,37.885974884,4.8523967901
211,7,-79.6240844727,37.869052887,3.6100912639
211,8,-79.6596450806,37.8285331726,5.4817221404
211,9,-79.701965332,37.8014793396,4.7822345105
211,10,-79.7270050049,37.8010253906,2.2005581108
211,11,-79.7563247681,37.8267784119,3.8514770804
211,12,-79.835144043,37.8338775635,6.9671776245
211,13,-79.8675079346,37.8241996765,3.0393044735
211,14,-79.9389724731,37.7819862366,7.8393204745
211,15,-79.978767395,37.771194458,3.6976687269
211,16,-80.0180664063,37.779460907,3.5742281085
211,17,-80.0529403687,37.7941513062,3.472778247
211,18,-80.1137237549,37.814201355,5.7869036326
211,19,-80.1569671631,37.8173522949,3.814731365
211,20,-80.1893310547,37.8102836609,2.9496499396
211,21,-80.2226333618,37.7925567627,3.5279507299
211,22,-80.2355728149,37.78565979,1.3715018017
211,23,-80.2613525391,37.7896156311,2.3077262592
211,24,-80.2821884155,37.7855186462,1.8867971626
211,25,-80.3133773804,37.7634849548,3.6765611383
211,26,-80.3400344849,37.7597007751,2.3808222624
211,27,-80.3600769043,37.7660293579,1.8971743365
211,28,-80.3674850464,37.7771911621,1.4015705409
211,29,-80.3833312988,37.7945098877,2.3764872695
211,30,-80.4375686646,37.8108978271,5.1017274927
211,31,-80.4817886353,37.8379402161,4.9119106935
211,32,-80.5712738037,37.8588523865,8.1939927595
211,33,-80.5868988037,37.8838539124,3.0999455873
211,34,-80.6042022705,37.9065475464,2.9449951651
211,35,-80.6392669678,37.9079170227,3.0801160325
211,36,-80.6742248535,37.878452301,4.4882368762
211,37,-80.7976074219,37.8312187195,12.0385942583
211,38,-80.8246459961,37.7978210449,4.4082500087
211,39,-80.8751296997,37.7818946838,4.7765878225
211,40,-80.9543457031,37.779258728,6.9680123171
211,41,-81.0309906006,37.7375946045,8.1769511687
211,42,-81.1065673828,37.7244720459,6.804750895
211,43,-81.1615524292,37.7178421021,4.8920724731
212,1,-81.1615524292,37.7178421021,0
212,2,-81.1897354126,37.721988678,2.5213901786
212,3,-81.213973999,37.7529983521,4.0537052735
212,4,-81.2251739502,37.7780685425,2.9564150021
212,5,-81.2182769775,37.8368148804,6.5603359582
212,6,-81.2727355957,37.8628425598,5.5892311584
212,7,-81.2794952393,37.9256973267,7.0142557517
212,8,-81.2616729736,37.953918457,3.5057164031
212,9,-81.2862014771,37.9762992859,3.2889205995
212,10,-81.3494644165,38.0015525818,6.2146812379
212,11,-81.3526306152,38.0395545959,4.2347235739
212,12,-81.3812561035,38.0944480896,6.5982665073
212,13,-81.3821792603,38.1230010986,3.1759769514
212,14,-81.3921051025,38.1335716248,1.4612739183
212,15,-81.4370880127,38.1425666809,4.0592514289
212,16,-81.4478988647,38.1803245544,4.3035622303
212,17,-81.4605026245,38.1858177185,1.2596209689
212,18,-81.5220184326,38.1856307983,5.3765481564
212,19,-81.5757217407,38.234664917,7.1933327883
212,20,-81.5803070068,38.2897758484,6.1411185089
212,21,-81.5542678833,38.3282928467,4.8482005423
212,22,-81.5702056885,38.3404693604,1.9405332832
212,23,-81.6129455566,38.3485717773,3.8346660073
212,24,-81.6226272583,38.3641242981,1.9244124113
213,1,-121.9097595215,37.6936912537,3501.0289515756
213,2,-121.9592437744,37.7715682983,9.6914842964
213,3,-121.9872360229,37.8407821655,8.0795896375
213,4,-122.0663986206,37.8888130188,8.7644518488
213,5,-122.0451889038,37.9373512268,5.7089256411
213,6,-122.0591201782,37.9871559143,5.6711018035
213,7,-122.0704040527,38.0066604614,2.3835648266
213,8,-122.1185760498,38.0452384949,6.0170842403
213,9,-122.1242446899,38.0575218201,1.4532362224
214,1,-121.9097595215,37.6936912537,44.6217181814
214,2,-121.9502410889,37.6893310547,3.5948223709
214,3,-121.9891815186,37.6968193054,3.5260248472
214,4,-122.0546798706,37.6836776733,5.94567396
214,5,-122.0811233521,37.6871185303,2.3582016778
214,6,-122.1566238403,37.7760925293,11.9149539872
214,7,-122.209777832,37.7938117981,5.06966204
214,8,-122.2439498901,37.8150444031,3.8193508693
214,9,-122.2775192261,37.8194961548,2.9900139419
215,1,-85.8527526855,37.6756095886,3181.9413875138
215,2,-85.8314971924,37.6817703247,1.9920881247
215,3,-85.8014602661,37.6885795593,2.7494857525
215,4,-85.7759628296,37.6977767944,2.4655735307
215,5,-85.7575759888,37.7044754028,1.7808976496
215,6,-85.7336883545,37.7159881592,2.460581341
215,7,-85.7149887085,37.7285690308,2.1591767625
215,8,-85.6939544678,37.741065979,2.3135381792
215,9,-85.6700363159,37.7530174255,2.487694447
215,10,-85.6478805542,37.7645721436,2.3333201044
215,11,-85.6317977905,37.7713241577,1.600666105
215,12,-85.6092224121,37.77967453,2.1906691685
215,13,-85.5838623047,37.7856636047,2.3260626905
215,14,-85.5650634766,37.7886924744,1.6859571696
215,15,-85.5433807373,37.7911643982,1.9250559421
215,16,-85.5260009766,37.7892379761,1.542159079
215,17,-85.5068817139,37.7872505188,1.6945813253
215,18,-85.5016479492,37.7870750427,0.4603386071
215,19,-85.4865646362,37.7856750488,1.3345930299
215,20,-85.4703521729,37.7837791443,1.4402538311
215,21,-85.4532546997,37.7872962952,1.5525637862
215,22,-85.4461517334,37.7893295288,0.6638582854
215,23,-85.4366226196,37.7930984497,0.9363594972
215,24,-85.4145355225,37.8023376465,2.1958166523
215,25,-85.3911437988,37.8138122559,2.418883252
215,26,-85.3636245728,37.8260345459,2.7730832648
215,27,-85.3407592773,37.8384170532,2.4347949818
215,28,-85.3167572021,37.8502998352,2.487520954
215,29,-85.2927703857,37.8617248535,2.4594291764
215,30,-85.2689819336,37.8695259094,2.2612229506
215,31,-85.2451553345,37.8777732849,2.2835795166
215,32,-85.2250823975,37.8816108704,1.8126712567
215,33,-85.2114639282,37.8847618103,1.2454835404
215,34,-85.1978302002,37.8883666992,1.261831857
215,35,-85.1879730225,37.8970985413,1.3003461373
215,36,-85.1778335571,37.9008255005,0.9814568603
215,37,-85.1632614136,37.9003105164,1.2798629782
215,38,-85.1524353027,37.8958320618,1.072545848
215,39,-85.1428222656,37.8905029297,1.0308798763
215,40,-85.1337966919,37.8851890564,0.988171868
215,41,-85.1210861206,37.8829231262,1.1435958654
215,42,-85.1075592041,37.8847045898,1.2035550985
215,43,-85.0915679932,37.8886604309,1.4706787816
215,44,-85.078956604,37.8945617676,1.2865961055
215,45,-85.0666503906,37.9050102234,1.5861060775
215,46,-85.0554199219,37.9073219299,1.0182811406
215,47,-85.0424957275,37.9086685181,1.1437171874
215,48,-85.0267410278,37.9085426331,1.3822604058
215,49,-85.002166748,37.9094581604,2.1583385301
215,50,-84.9839096069,37.9119606018,1.6256786968
215,51,-84.9673538208,37.9154281616,1.5026797439
215,52,-84.9517669678,37.9221076965,1.5559851238
215,53,-84.9391403198,37.927986145,1.2860194651
215,54,-84.9292602539,37.9366989136,1.29979063
215,55,-84.918182373,37.9458084106,1.4034763423
215,56,-84.9058074951,37.9571418762,1.6629710726
215,57,-84.89427948,37.9639701843,1.2640923455
215,58,-84.8839492798,37.9703826904,1.152594132
215,59,-84.871131897,37.9789810181,1.4752362396
215,60,-84.8553924561,37.9874610901,1.6709333174
215,61,-84.8390960693,37.9954566956,1.6822366407
215,62,-84.8239974976,38.0030555725,1.5697964222
215,63,-84.7996139526,38.0093803406,2.249154602
215,64,-84.7740707397,38.0156555176,2.3440487837
215,65,-84.7490692139,38.0223999023,2.3149738419
215,66,-84.7272567749,38.0251808167,1.9355077269
215,67,-84.7018737793,38.0287284851,2.2580367585
215,68,-84.6845397949,38.0343971252,1.6438474297
215,69,-84.6753997803,38.0399398804,1.010250659
215,70,-84.6709899902,38.044757843,0.6604096405
215,71,-84.6622924805,38.043510437,0.7741683038
215,72,-84.6477890015,38.0415763855,1.2881761752
215,73,-84.5722732544,38.0421867371,6.6134684463
215,74,-84.5162506104,38.0399169922,4.9125989688
215,75,-84.48462677,38.0231933594,3.3361222706
215,76,-84.4674224854,38.0352020264,2.0133908247
215,77,-84.454246521,38.0396499634,1.2554525884
215,78,-84.4425125122,38.0400695801,1.0286663482
215,79,-84.4313964844,38.0400657654,0.9734851462
216,1,-85.8527526855,37.6756095886,131.1982932375
216,2,-85.8210220337,37.7286300659,6.5231231636
216,3,-85.7462387085,37.8012046814,10.4085027881
216,4,-85.6937637329,37.8916664124,11.0639635586
216,5,-85.6990661621,38.0501365662,17.6272061292
216,6,-85.7416305542,38.19115448,16.1164988025
216,7,-85.7550506592,38.2151527405,2.9147728936
216,8,-85.7409591675,38.2501029968,4.0765365163
217,1,-89.0032958984,37.6090240479,294.8572256971
217,2,-88.9797897339,37.6465492249,4.6578884796
217,3,-88.9622344971,37.7434768677,10.887981638
217,4,-88.9475402832,37.9967880249,28.1964319028
217,5,-88.9240112305,38.0932197571,10.9188836702
217,6,-88.9170532227,38.2332420349,15.5816460982
217,7,-88.9308776855,38.264125824,3.640132186
217,8,-88.950630188,38.2877845764,3.1454331238
217,9,-88.953956604,38.3136329651,2.88882993
217,10,-88.9532089233,38.3349342346,2.3694909467
218,1,-97.3109207153,37.604183197,736.8636090121
218,2,-97.292755127,37.6271514893,3.0137652846
218,3,-97.2593460083,37.6518554688,4.0248682969
218,4,-97.1850738525,37.6782836914,7.1676605874
218,5,-97.0787734985,37.7330093384,11.1571581058
218,6,-96.9777984619,37.7647018433,9.5517813931
218,7,-96.9037628174,37.8118515015,8.3554557826
218,8,-96.8480911255,37.8809890747,9.1102690935
218,9,-96.8333206177,37.9022064209,2.6918586286
218,10,-96.7688980103,37.9324035645,6.5735242344
218,11,-96.7314529419,37.9604492188,4.5283789408
218,12,-96.6350326538,38.0487823486,12.9555240285
218,13,-96.5939941406,38.0761909485,4.7113671296
218,14,-96.5460281372,38.1278152466,7.1110524077
218,15,-96.4964904785,38.1498565674,4.9775997164
218,16,-96.4612884521,38.1761016846,4.2412776707
218,17,-96.4005050659,38.2325935364,8.2259798889
218,18,-96.3655319214,38.2797012329,6.0632684792
218,19,-96.2964172363,38.3353500366,8.6404320423
218,20,-96.2357635498,38.4108428955,9.920883215
219,1,-97.3109207153,37.604183197,130.070455742
219,2,-97.3259735107,37.6155891418,1.8348557808
219,3,-97.3029098511,37.6429290771,3.6561248924
219,4,-97.3038406372,37.6778945923,3.8888511246
219,5,-97.3187103271,37.7546310425,8.6323673654
219,6,-97.3227539063,37.9512214661,21.8627404084
219,7,-97.3171234131,38.0299720764,8.77055907
219,8,-97.3217926025,38.0609817505,3.4722756726
219,9,-97.3413391113,38.0775260925,2.5124027861
219,10,-97.6161270142,38.3038253784,34.7837387646
219,11,-97.620223999,38.3706359863,7.4375894549
219,12,-97.6251754761,38.5549583435,20.5002444939
219,13,-97.6268615723,38.6121635437,6.362616171
219,14,-97.6261749268,38.6806373596,7.6141744488
219,15,-97.62159729,38.7557945251,8.3665267549
219,16,-97.6235580444,38.7966804504,4.5494837305
219,17,-97.6448822021,38.8404388428,5.2046294047
219,18,-97.6434555054,38.8784980774,4.233796371
220,1,-77.4715423584,37.5910224915,1764.048878286
220,2,-77.498840332,37.5973739624,2.5066509963
220,3,-77.5156860352,37.5964660645,1.4875736499
220,4,-77.5569381714,37.6123199463,4.0390548478
220,5,-77.5924072266,37.6399459839,4.3810691963
220,6,-77.6017227173,37.6490058899,1.2990762138
220,7,-77.6372070313,37.6666488647,3.6886465631
220,8,-77.8130264282,37.721622467,16.6337430803
220,9,-77.8971176147,37.7803039551,9.8608798946
220,10,-78.0013046265,37.8596954346,12.7154477427
220,11,-78.0782623291,37.9350509644,10.7614496017
220,12,-78.2035598755,37.9801750183,12.0769186003
220,13,-78.2551193237,37.9970932007,4.8944523147
220,14,-78.3421859741,38.0015106201,7.6448921307
220,15,-78.3956375122,38.026058197,5.4201606359
220,16,-78.4324645996,38.0280532837,3.2333210553
220,17,-78.4690246582,38.008731842,3.856559455
220,18,-78.5057144165,38.0011825562,3.3224367676
220,19,-78.548576355,38.0166854858,4.1319930064
220,20,-78.6329421997,38.0322532654,7.5899433697
220,21,-78.6983032227,38.0275535583,5.7485819034
220,22,-78.7412185669,38.0429878235,4.1318404831
220,23,-78.7933731079,38.0510635376,4.6544394387
220,24,-78.8523025513,38.0454406738,5.1979037234
220,25,-78.8949813843,38.0463218689,3.7385821278
220,26,-78.9444198608,38.0638809204,4.7486466099
220,27,-79.0472488403,38.116569519,10.7381373857
221,1,-86.8128585815,37.3826675415,687.4131015657
221,2,-86.7976913452,37.3855056763,1.3767389283
221,3,-86.7796554565,37.386920929,1.6012428448
221,4,-86.7575378418,37.3891448975,1.9696544802
221,5,-86.7308120728,37.3903541565,2.3649660049
221,6,-86.7104492188,37.3921546936,1.8100667357
221,7,-86.6825408936,37.3942337036,2.47631654
221,8,-86.6487884521,37.3975334167,3.0041718108
221,9,-86.6087036133,37.3997650146,3.5496370385
221,10,-86.5854492188,37.401473999,2.0629282032
221,11,-86.565032959,37.4046096802,1.836791758
221,12,-86.5463943481,37.4068870544,1.6656750569
221,13,-86.5248413086,37.4095306396,1.9262379657
221,14,-86.5016784668,37.4089622498,2.0468102751
221,15,-86.4767837524,37.4083442688,2.1998910171
221,16,-86.4547271729,37.4091529846,1.9502120719
221,17,-86.427986145,37.4111938477,2.372721851
221,18,-86.4114990234,37.4175834656,1.6202010313
221,19,-86.3925094604,37.4284286499,2.0655133237
221,20,-86.3776626587,37.4371185303,1.6285518861
221,21,-86.3634872437,37.443561554,1.4420642636
221,22,-86.3395080566,37.4488258362,2.1963333757
221,23,-86.3078994751,37.4561576843,2.9068501828
221,24,-86.2880477905,37.4592666626,1.7860212358
221,25,-86.2063751221,37.4811286926,7.6066821
221,26,-86.1885681152,37.4897193909,1.8387793466
221,27,-86.1772079468,37.4971237183,1.2970583461
221,28,-86.169921875,37.5041732788,1.0136994907
221,29,-86.1590042114,37.5143165588,1.4830679613
221,30,-86.1492996216,37.523563385,1.3378136967
221,31,-86.1367721558,37.5309333801,1.3755069497
221,32,-86.1166152954,37.5399055481,2.0381930471
221,33,-86.0965881348,37.5461502075,1.8973414457
221,34,-86.0599594116,37.5596351624,3.5601535635
221,35,-86.0332870483,37.5711174011,2.6752233627
221,36,-86.0247268677,37.5804023743,1.2786843763
221,37,-86.0083618164,37.5948982239,2.1627313245
221,38,-85.9895477295,37.6120491028,2.5266631088
221,39,-85.9727783203,37.6224441528,1.8755360854
221,40,-85.9605941772,37.6343307495,1.702436153
221,41,-85.9433135986,37.6433525085,1.8225319204
221,42,-85.9260406494,37.6519165039,1.7942956623
221,43,-85.9100570679,37.6578063965,1.5520425764
221,44,-85.8970794678,37.6614990234,1.2139401033
221,45,-85.8782272339,37.6663818359,1.7459912585
221,46,-85.8686218262,37.6724472046,1.0814912904
221,47,-85.8527526855,37.6756095886,1.4402434745
222,1,-87.5499572754,37.7961769104,149.8466143044
222,2,-87.5338058472,37.790019989,1.5757153971
222,3,-87.5054092407,37.784576416,2.56775291
222,4,-87.4682617188,37.7798805237,3.306106764
222,5,-87.4388046265,37.7712287903,2.7619526046
222,6,-87.4086914063,37.7652740479,2.7284827326
222,7,-87.3895721436,37.7617721558,1.725190442
222,8,-87.3585662842,37.7666702271,2.7794167797
222,9,-87.3328399658,37.7702980042,2.2970082185
222,10,-87.3129806519,37.7722053528,1.7583799621
222,11,-87.3026580811,37.7670326233,1.0742789066
222,12,-87.2900238037,37.7609176636,1.3022201447
222,13,-87.2708511353,37.7596588135,1.6912421148
222,14,-87.2334747314,37.7630577087,3.3073192165
222,15,-87.2049026489,37.7643280029,2.515580437
222,16,-87.177520752,37.7647209167,2.4073585741
222,17,-87.1658554077,37.7654075623,1.0282546482
222,18,-87.1654434204,37.7599563599,0.6072269977
222,19,-87.1627502441,37.7531013489,0.7981673989
222,20,-87.1612930298,37.7440071106,1.019317267
222,21,-87.1585083008,37.7398719788,0.5209401364
222,22,-87.1557998657,37.7334747314,0.7501544801
222,23,-87.1518630981,37.7293167114,0.5776068954
222,24,-87.1467971802,37.723777771,0.7601587166
222,25,-87.1428375244,37.7200737,0.5393796807
222,26,-87.1360015869,37.7154083252,0.7941400043
222,27,-87.1232070923,37.7151565552,1.1257762294
222,28,-87.1109542847,37.7162780762,1.0849648051
222,29,-87.1021728516,37.7179222107,0.7937532263
222,30,-87.0956878662,37.7205123901,0.6389915783
222,31,-87.0897369385,37.7244758606,0.6842396585
222,32,-87.0837554932,37.7293434143,0.7547743447
222,33,-87.0759277344,37.7373542786,1.1257570994
222,34,-87.0569229126,37.7243080139,2.2131147036
222,35,-87.0278015137,37.6901664734,4.5798994993
222,36,-87.007270813,37.6607322693,3.7385758189
222,37,-86.9880905151,37.6263275146,4.1817955527
222,38,-86.9695587158,37.5905761719,4.297488797
222,39,-86.9522323608,37.5543899536,4.3037260181
222,40,-86.9388275146,37.5228118896,3.7049036517
222,41,-86.9293212891,37.512638092,1.4080888712
222,42,-86.9129638672,37.4995880127,2.0463646461
222,43,-86.8932723999,37.482837677,2.5470366471
222,44,-86.8724212646,37.4506340027,4.0260682183
222,45,-86.8507614136,37.4247703552,3.4536860813
222,46,-86.8323669434,37.4039611816,2.8272276102
222,47,-86.8222427368,37.3955726624,1.2922294135
222,48,-86.8128585815,37.3826675415,1.6572669051
223,1,-81.1301040649,37.2665138245,502.5800955121
223,2,-81.127166748,37.276134491,1.1008909205
223,3,-81.1176528931,37.30727005,3.5629439749
223,4,-81.0507202148,37.3614082336,8.4414369651
223,5,-81.0467681885,37.3755874634,1.6148765329
223,6,-81.0554885864,37.3884849548,1.6280095285
223,7,-81.0687561035,37.422580719,3.968263894
223,8,-81.0704421997,37.4697113037,5.2427953425
223,9,-81.1047515869,37.4959030151,4.2008234286
223,10,-81.1182785034,37.5113792419,2.0940993216
223,11,-81.1159973145,37.5241470337,1.4338984945
223,12,-81.1125793457,37.5492019653,2.8022345049
223,13,-81.122505188,37.574306488,2.9253890297
223,14,-81.1279144287,37.6009178162,2.9971849405
223,15,-81.1171112061,37.652961731,5.8647047253
223,16,-81.1615524292,37.7178421021,8.2061415496
224,1,-87.4375839233,37.2089805603,556.6984616484
224,2,-87.4201583862,37.2123069763,1.5868729413
224,3,-87.3939056396,37.2209243774,2.5144344751
224,4,-87.3746566772,37.2269325256,1.8306024901
224,5,-87.3460845947,37.2355003357,2.7030411033
224,6,-87.3235168457,37.2360076904,1.9986766602
224,7,-87.3004302979,37.2346763611,2.0491740216
224,8,-87.2749099731,37.2373886108,2.279298562
224,9,-87.2510528564,37.2423858643,2.1837882856
224,10,-87.2265701294,37.2487297058,2.27904285
224,11,-87.1852722168,37.2565689087,3.7577070655
224,12,-87.1480484009,37.2631072998,3.3735740226
224,13,-87.1247329712,37.2685508728,2.1502034459
224,14,-87.1101379395,37.2727928162,1.3749124637
224,15,-87.1058349609,37.2745552063,0.4282159827
224,16,-87.0893478394,37.2837486267,1.7812696076
224,17,-87.0728225708,37.2938499451,1.843590344
224,18,-87.0603790283,37.3031234741,1.508250641
224,19,-87.0456695557,37.3105316162,1.5398349707
224,20,-87.0252838135,37.3146476746,1.8600582848
224,21,-87.0014801025,37.3173370361,2.1261876275
224,22,-86.9816360474,37.3223648071,1.8416995429
224,23,-86.9644927979,37.3333396912,1.9460004971
224,24,-86.9409408569,37.3455467224,2.4855026926
224,25,-86.9152374268,37.3526992798,2.4072302177
224,26,-86.888999939,37.3584823608,2.4065623234
224,27,-86.862159729,37.3647041321,2.4709677479
224,28,-86.8475036621,37.3698272705,1.4149494783
224,29,-86.8128585815,37.3826675415,3.3779179423
225,1,-87.5499572754,37.7961769104,79.5748714597
225,2,-87.5490875244,37.784828186,1.2642328337
225,3,-87.5390090942,37.7697067261,1.900474727
225,4,-87.5283203125,37.75548172,1.8397786992
225,5,-87.521812439,37.7376937866,2.0590325869
225,6,-87.5172195435,37.7135887146,2.7106289201
225,7,-87.5122375488,37.6822280884,3.5145831717
225,8,-87.5105819702,37.6572608948,2.780046803
225,9,-87.5119552612,37.6278114319,3.2768625141
225,10,-87.5090637207,37.6055526733,2.4881299723
225,11,-87.4986953735,37.5808982849,2.8896414742
225,12,-87.4894332886,37.5580787659,2.6654900913
225,13,-87.4786453247,37.5279693604,3.4804947226
225,14,-87.475730896,37.4857559204,4.7009549542
225,15,-87.4725646973,37.4530639648,3.6459031655
225,16,-87.4711380005,37.4203872681,3.6356657234
225,17,-87.472946167,37.3963851929,2.6736830973
225,18,-87.4779281616,37.3837738037,1.4697732691
225,19,-87.4852600098,37.369846344,1.678712894
225,20,-87.4826812744,37.3580093384,1.3357998029
225,21,-87.479095459,37.3407249451,1.9478986015
225,22,-87.4731521606,37.3252067566,1.8037793614
225,23,-87.471031189,37.3179168701,0.8320128545
225,24,-87.4677734375,37.3101539612,0.9100059082
225,25,-87.4623718262,37.2960090637,1.6438034141
225,26,-87.455291748,37.2800178528,1.885232913
225,27,-87.4499664307,37.2631454468,1.934397385
225,28,-87.4441757202,37.2426452637,2.336423712
225,29,-87.4389572144,37.22215271,2.3250325922
225,30,-87.4375839233,37.2089805603,1.4697158843
226,1,-84.1216583252,37.1446876526,293.8538836625
226,2,-84.1290893555,37.1618156433,2.015195874
226,3,-84.1472167969,37.1671600342,1.7127079666
226,4,-84.1932220459,37.1869010925,4.6294362596
226,5,-84.2281036377,37.2170372009,4.5577825366
226,6,-84.2928848267,37.3006515503,10.9230447919
226,7,-84.3051300049,37.3329544067,3.7515949659
226,8,-84.3125991821,37.3586997986,2.9379121687
226,9,-84.3436050415,37.3799934387,3.6213142831
226,10,-84.3591461182,37.3983612061,2.4610129265
226,11,-84.3582992554,37.4687004089,7.8217199246
226,12,-84.33203125,37.5706367493,11.5691286538
226,13,-84.3423461914,37.6818313599,12.3976024033
226,14,-84.3256378174,37.779624939,10.9729782688
226,15,-84.3305130005,37.826587677,5.2395547076
226,16,-84.3618011475,37.8969039917,8.2872401628
226,17,-84.3790359497,37.9262237549,3.5937512916
226,18,-84.3793792725,37.9716300964,5.0490445635
226,19,-84.4313964844,38.0400657654,8.8700955704
227,1,-84.4710388184,37.1502037048,99.0097657386
227,2,-84.4521026611,37.1480484009,1.6953318189
227,3,-84.4314651489,37.1453742981,1.8531664978
227,4,-84.4107971191,37.1431465149,1.8485927998
227,5,-84.3923873901,37.141910553,1.6375691005
227,6,-84.3720779419,37.1428756714,1.8033773925
227,7,-84.3516235352,37.1460838318,1.8477430437
227,8,-84.3392028809,37.1500968933,1.1878567556
227,9,-84.3255615234,37.154964447,1.3246020425
227,10,-84.3154602051,37.159072876,1.0050142333
227,11,-84.3031921387,37.1608123779,1.1042326423
227,12,-84.2881317139,37.161075592,1.3349138641
227,13,-84.2726745605,37.1590423584,1.3882982315
227,14,-84.2619400024,37.1553993225,1.0339564312
227,15,-84.2526550293,37.1559028625,0.8247565417
227,16,-84.2387313843,37.1566581726,1.2367872741
227,17,-84.2294082642,37.1576156616,0.833049786
227,18,-84.2139816284,37.1551208496,1.3949892595
227,19,-84.2009506226,37.1513710022,1.2278386819
227,20,-84.187828064,37.1489753723,1.1931491305
227,21,-84.1748275757,37.1447677612,1.2436280263
227,22,-84.1627960205,37.1433334351,1.0782855594
227,23,-84.1470413208,37.1453552246,1.4144040337
227,24,-84.1302947998,37.145072937,1.4846485009
227,25,-84.1216583252,37.1446876526,0.7666894145
228,1,-84.1216583252,37.1446876526,0
228,2,-84.1101608276,37.1437149048,1.0248107786
228,3,-84.0924911499,37.1402053833,1.6140922018
228,4,-84.0788192749,37.1373252869,1.2535010579
228,5,-84.0658874512,37.1322021484,1.2801039059
228,6,-84.0500030518,37.1278533936,1.4888978392
228,7,-84.0245513916,37.1198997498,2.4236514399
228,8,-83.9967651367,37.1122932434,2.6049027307
228,9,-83.9786148071,37.1073760986,1.6998296088
228,10,-83.9609527588,37.1038475037,1.6146797163
228,11,-83.945602417,37.1004219055,1.4136276968
228,12,-83.9345779419,37.100818634,0.9787174698
228,13,-83.9271316528,37.100025177,0.6662551165
228,14,-83.9096374512,37.101940155,1.5660372469
228,15,-83.8942337036,37.1071281433,1.4828483683
228,16,-83.8835906982,37.1102676392,1.0062848814
228,17,-83.8694381714,37.1141433716,1.3268835369
228,18,-83.8598480225,37.1186904907,0.9893058871
228,19,-83.8439331055,37.1229400635,1.4880806405
228,20,-83.8284606934,37.1290168762,1.5291315977
228,21,-83.813583374,37.1346740723,1.4612101367
228,22,-83.8023376465,37.1382293701,1.0724002964
228,23,-83.7934570313,37.1409912109,0.8449694429
228,24,-83.7864379883,37.1420173645,0.6325353179
228,25,-83.7818603516,37.1413536072,0.4124127243
228,26,-83.7745056152,37.1391868591,0.6950207138
228,27,-83.7681732178,37.138885498,0.5623129977
228,28,-83.7618942261,37.1376800537,0.5724977175
228,29,-83.7506484985,37.1335105896,1.0994201885
228,30,-83.737449646,37.1319770813,1.18242418
228,31,-83.7259521484,37.1309776306,1.025298815
228,32,-83.7014389038,37.1334495544,2.1904027208
228,33,-83.6856613159,37.1354179382,1.4156575853
228,34,-83.675743103,37.1363105774,0.8847878305
228,35,-83.6639938354,37.1384735107,1.068905008
228,36,-83.6436080933,37.147480011,2.0659023496
228,37,-83.6287384033,37.1526641846,1.4384392716
228,38,-83.6138534546,37.1578483582,1.4395955151
228,39,-83.5996627808,37.1616973877,1.3283754007
228,40,-83.5773620605,37.1656074524,2.0233913567
228,41,-83.558555603,37.1692199707,1.7141396207
228,42,-83.5445861816,37.1703605652,1.2442486409
228,43,-83.5232162476,37.1697502136,1.8947033812
228,44,-83.5049591064,37.1738395691,1.6803354618
228,45,-83.4914550781,37.1763458252,1.2284749839
228,46,-83.4765090942,37.1824150085,1.4861883423
228,47,-83.4604797363,37.1875267029,1.5295372755
228,48,-83.4451675415,37.1908378601,1.4054790954
228,49,-83.4295883179,37.1973304749,1.5574013507
228,50,-83.4158096313,37.2029953003,1.3733511514
228,51,-83.406829834,37.2066307068,0.8921301963
228,52,-83.3936157227,37.2123222351,1.330397268
228,53,-83.3822174072,37.2171974182,1.1457136723
228,54,-83.371383667,37.2221031189,1.1035425037
228,55,-83.3606262207,37.2260971069,1.0509328621
228,56,-83.3445739746,37.2311935425,1.5300266883
228,57,-83.3357009888,37.2334632874,0.8250925881
228,58,-83.3198318481,37.2362785339,1.4393356179
228,59,-83.3108520508,37.2399177551,0.8920097669
228,60,-83.2971496582,37.2446594238,1.3225807983
228,61,-83.2840499878,37.2489852905,1.2553321717
228,62,-83.2734985352,37.257522583,1.3316589058
228,63,-83.2552261353,37.2683906555,2.0187174487
228,64,-83.2403945923,37.2726173401,1.3940188528
228,65,-83.2267379761,37.2764587402,1.2816456804
229,1,-88.1081161499,37.0775299072,432.9928206154
229,2,-88.0975799561,37.0855712891,1.2934843093
229,3,-88.0888977051,37.0872840881,0.7933432439
229,4,-88.0749893188,37.0902938843,1.2782691249
229,5,-88.0570220947,37.0946121216,1.6643899695
229,6,-88.0223083496,37.0991821289,3.1204487328
229,7,-88.0245819092,37.1010246277,0.2874565889
229,8,-88.0204620361,37.105052948,0.5780417662
229,9,-88.013458252,37.109046936,0.7635352462
229,10,-87.9920349121,37.112411499,1.9361975311
229,11,-87.9596252441,37.1169929504,2.9185721299
229,12,-87.9307327271,37.1184310913,2.5667859936
229,13,-87.9122467041,37.119102478,1.6407682699
229,14,-87.8902511597,37.1219863892,1.9763850304
229,15,-87.8745422363,37.1276664734,1.5292473339
229,16,-87.8356552124,37.1371154785,3.6038693458
229,17,-87.7949295044,37.150604248,3.9089663791
229,18,-87.7651824951,37.1633338928,2.9921717669
229,19,-87.7517166138,37.1712989807,1.4859770891
229,20,-87.7224655151,37.1867408752,3.1087180534
229,21,-87.6980438232,37.1931800842,2.2787311406
229,22,-87.6817398071,37.1983833313,1.5557174045
229,23,-87.6429443359,37.2014198303,3.4526717144
229,24,-87.6152191162,37.2009887695,2.4560536582
229,25,-87.5799865723,37.2004356384,3.1211260548
229,26,-87.5406341553,37.2025260925,3.4931211861
229,27,-87.4961090088,37.2036094666,3.9452753185
229,28,-87.4694595337,37.2058868408,2.3737439566
229,29,-87.4375839233,37.2089805603,2.8438306049
230,1,-86.162361145,37.0417251587,114.5767034666
230,2,-86.0777893066,37.0742874146,8.3324027438
230,3,-86.0633392334,37.0874900818,1.9489474084
230,4,-85.9767303467,37.1489639282,10.2808631488
230,5,-85.9048080444,37.2865791321,16.5745129131
230,6,-85.883430481,37.3449211121,6.7571805132
230,7,-85.8856735229,37.4661064148,13.4766472674
230,8,-85.8853149414,37.5686149597,11.3984740064
230,9,-85.8674850464,37.6479187012,8.9569534439
230,10,-85.8527526855,37.6756095886,3.3410356127
231,1,-88.1081161499,37.0775299072,210.0860248761
231,2,-88.1555252075,37.0717201233,4.2553118945
231,3,-88.2720031738,37.0389518738,10.9596225987
231,4,-88.3041229248,37.0134315491,4.0228248163
231,5,-88.3379745483,36.9860992432,4.2747999929
232,1,-88.3379745483,36.9860992432,0
232,2,-88.3702926636,36.9823265076,2.9010724521
232,3,-88.5142211914,36.9903907776,12.8151625059
232,4,-88.5510177612,36.9961242676,3.3295864701
232,5,-88.6500701904,37.0517234802,10.7492865633
232,6,-88.6615142822,37.0595092773,1.3344769416
232,7,-88.6797714233,37.0777740479,2.5978181329
232,8,-88.6881484985,37.1027641296,2.8763981208
232,9,-88.686882019,37.1348800659,3.5728942425
232,10,-88.685760498,37.1630477905,3.133684955
232,11,-88.7113876343,37.2516212463,10.1070362251
232,12,-88.7726821899,37.3104896545,8.5004487297
232,13,-88.7987976074,37.3636817932,6.34935884
232,14,-88.8592300415,37.4061737061,7.1297513083
232,15,-88.88671875,37.4448471069,4.9380821998
232,16,-88.9053039551,37.5124855042,7.6977744238
232,17,-88.9807739258,37.5889854431,10.7992569558
232,18,-89.0032958984,37.6090240479,2.9835898305
233,1,-81.0809631348,36.9667243958,704.2795186249
233,2,-81.0880661011,36.9941978455,3.1193819498
233,3,-81.1263580322,37.0339050293,5.5725527022
233,4,-81.1281967163,37.0724029541,4.2838825157
233,5,-81.1415100098,37.0973968506,3.0196981701
233,6,-81.1292266846,37.1295280457,3.7351573312
233,7,-81.1318054199,37.1471443176,1.9721322546
233,8,-81.1245117188,37.187286377,4.5101384403
233,9,-81.1131973267,37.2039604187,2.1075876147
233,10,-81.1162948608,37.2324447632,3.1791685623
233,11,-81.1301040649,37.2665138245,3.9806076157
234,1,-86.162361145,37.0417251587,446.6250961012
234,2,-86.148727417,37.0368118286,1.3277211275
234,3,-86.1291122437,37.0367202759,1.7410972145
234,4,-86.1009063721,37.0354728699,2.5074500341
234,5,-86.0764923096,37.0270767212,2.3597231539
234,6,-86.0704269409,37.0210037231,0.8636845896
234,7,-86.0604324341,37.012550354,1.2926530755
234,8,-86.0480957031,37.0049438477,1.3839608959
234,9,-86.0273132324,36.9930000305,2.2737749501
234,10,-86.0059432983,36.9814987183,2.2887069016
234,11,-85.9812774658,36.9667129517,2.7394019349
234,12,-85.9598007202,36.9579200745,2.1440749058
234,13,-85.9443206787,36.9561080933,1.390148372
234,14,-85.9305114746,36.955696106,1.227881299
234,15,-85.9200439453,36.9576568604,0.9553025496
234,16,-85.9101791382,36.9591789246,0.8927055985
234,17,-85.8949050903,36.9650688171,1.506844891
234,18,-85.8797225952,36.9691619873,1.423571298
234,19,-85.8685913086,36.97290802,1.0730295054
234,20,-85.8499450684,36.9768829346,1.7143669188
234,21,-85.8268432617,36.9775428772,2.0534641275
234,22,-85.7996902466,36.9785308838,2.4144992629
234,23,-85.7662963867,36.9775047302,2.9685664079
234,24,-85.743888855,36.9759025574,1.9984494916
234,25,-85.7111663818,36.9735107422,2.9190012701
234,26,-85.691444397,36.9760704041,1.7749447919
234,27,-85.6675643921,36.981212616,2.196953212
234,28,-85.6553344727,36.983543396,1.1168083476
234,29,-85.6185073853,36.9932556152,3.4445717644
234,30,-85.6049346924,36.999168396,1.3730225965
234,31,-85.590133667,37.0064086914,1.5413188814
234,32,-85.5760192871,37.0113983154,1.37058785
234,33,-85.5611877441,37.0190849304,1.569904407
234,34,-85.5482940674,37.0227394104,1.2146857092
234,35,-85.534286499,37.0259132385,1.2926416479
234,36,-85.5215988159,37.0259513855,1.1263433517
234,37,-85.5038833618,37.0230941772,1.6044692128
234,38,-85.4832077026,37.0214958191,1.8441315654
234,39,-85.4699325562,37.0215110779,1.1785567223
234,40,-85.4482879639,37.0266914368,2.0060048515
234,41,-85.4305267334,37.0347137451,1.8114947838
234,42,-85.4175186157,37.0401802063,1.3048329618
234,43,-85.3918075562,37.0456695557,2.3621851377
234,44,-85.3720626831,37.0477142334,1.7670382937
234,45,-85.3511734009,37.0497207642,1.8672450093
234,46,-85.338142395,37.0556259155,1.3298228094
234,47,-85.3165664673,37.059425354,1.9606414963
234,48,-85.2985076904,37.0624313354,1.6368992992
234,49,-85.2847290039,37.0610427856,1.2323219929
234,50,-85.2665328979,37.0563201904,1.6978904643
234,51,-85.2483596802,37.0511436462,1.712360454
234,52,-85.2237319946,37.0480079651,2.2132526298
234,53,-85.1934509277,37.0428390503,2.7482520948
234,54,-85.1660919189,37.0373153687,2.5047869579
234,55,-85.1374206543,37.0344619751,2.5646288963
234,56,-85.0988311768,37.0335121155,3.4270038627
234,57,-85.0786819458,37.0327796936,1.7904095949
234,58,-85.0746231079,37.0330848694,0.3618802684
234,59,-85.0605545044,37.0366516113,1.3102447494
234,60,-85.0475845337,37.0411643982,1.2558105253
234,61,-85.0317611694,37.045124054,1.4717853538
234,62,-85.0035858154,37.0527038574,2.6387062503
234,63,-84.9742736816,37.0597801208,2.717520993
234,64,-84.9538269043,37.0635566711,1.8622509761
234,65,-84.9229049683,37.0687484741,2.8036866891
234,66,-84.9002685547,37.0706062317,2.0189610813
234,67,-84.8735427856,37.0732269287,2.3889540967
234,68,-84.8452987671,37.0725860596,2.506793986
234,69,-84.8182373047,37.0715408325,2.4037038708
234,70,-84.7992172241,37.0712547302,1.6877758323
234,71,-84.7775192261,37.0767555237,2.0198367439
234,72,-84.7594070435,37.0801353455,1.6501433376
234,73,-84.7447128296,37.0840911865,1.3757147462
234,74,-84.7271575928,37.0874900818,1.6024254608
234,75,-84.7026367188,37.091506958,2.2203802518
234,76,-84.6816101074,37.0952148438,1.9099875607
234,77,-84.6606063843,37.0984573364,1.897411918
234,78,-84.635017395,37.1010627747,2.2878425434
234,79,-84.6105270386,37.1046142578,2.2075119917
234,80,-84.6028213501,37.1074714661,0.7535875455
234,81,-84.5952682495,37.1080780029,0.6731822487
234,82,-84.5812072754,37.1111412048,1.2925576461
234,83,-84.5753250122,37.1127128601,0.5500976834
234,84,-84.5679626465,37.1192245483,0.9749021641
234,85,-84.5593414307,37.1270446777,1.1577463296
234,86,-84.5542678833,37.1336479187,0.861057208
234,87,-84.5488128662,37.137512207,0.6468897685
234,88,-84.5374298096,37.1434059143,1.2031421243
234,89,-84.523765564,37.1487503052,1.3490503919
234,90,-84.5010604858,37.1509895325,2.0276711159
234,91,-84.4865188599,37.1522064209,1.2958623405
234,92,-84.4710388184,37.1502037048,1.3899102632
235,1,-80.9241256714,36.9399757385,315.6420391292
235,2,-80.8639831543,36.9602890015,5.8021190719
235,3,-80.802696228,36.9950790405,6.6786002991
235,4,-80.7350006104,37.0282440186,7.0518524118
235,5,-80.7094497681,37.0643005371,4.6061585876
235,6,-80.6758270264,37.0883140564,4.0034004868
235,7,-80.4399490356,37.1087837219,21.0432335375
235,8,-80.3309173584,37.1254501343,9.8435619818
235,9,-80.3131866455,37.1458129883,2.7563027422
235,10,-80.3130874634,37.1730384827,3.0273496093
235,11,-80.2678909302,37.1995010376,4.9687665693
235,12,-80.2400512695,37.2432250977,5.4511049528
235,13,-80.0471572876,37.3385505676,20.088184071
235,14,-80.01512146,37.3501014709,3.109631695
235,15,-79.961227417,37.3657264709,5.0703619492
235,16,-79.9175567627,37.3951644897,5.0600434246
235,17,-79.8632049561,37.4511299133,7.8589761167
235,18,-79.672164917,37.5639419556,21.0076052674
235,19,-79.5989074707,37.6223526001,9.1566804984
235,20,-79.5526199341,37.6507987976,5.1592317577
235,21,-79.5073928833,37.6769447327,4.9295898022
235,22,-79.4621582031,37.7026252747,4.8986640365
235,23,-79.4229354858,37.7617225647,7.4215917104
235,24,-79.3999023438,37.7942733765,4.1471140701
236,1,-80.9241256714,36.9399757385,164.8236963457
236,2,-80.9470596313,36.9375076294,2.056664991
236,3,-81.0458450317,36.9432640076,8.8027352216
236,4,-81.0809631348,36.9667243958,4.067258317
237,1,-86.4409866333,36.9148292542,476.3353243997
237,2,-86.4303894043,36.9345169067,2.3832405657
237,3,-86.399772644,36.9781913757,5.5664448137
237,4,-86.3814239502,36.9899673462,2.0906441943
237,5,-86.3479766846,37.003616333,3.3356537208
237,6,-86.2033157349,37.0287857056,13.145151489
237,7,-86.162361145,37.0417251587,3.9096311178
238,1,-86.8128585815,37.3826675415,68.9607129459
238,2,-86.8057403564,37.3711700439,1.4248108414
238,3,-86.7938842773,37.3622894287,1.4397699652
238,4,-86.7837524414,37.3539085388,1.2924285074
238,5,-86.7724151611,37.3468475342,1.2730835761
238,6,-86.7598648071,37.3415756226,1.2548070219
238,7,-86.7485580444,37.3340682983,1.3023328697
238,8,-86.7384796143,37.3247718811,1.3647896877
238,9,-86.7262039185,37.3126945496,1.7268162906
238,10,-86.7161636353,37.3029403687,1.4017593515
238,11,-86.7102432251,37.2914657593,1.3792114903
238,12,-86.7083282471,37.2809867859,1.1774603929
238,13,-86.7091445923,37.2746582031,0.7074034216
238,14,-86.711730957,37.2674598694,0.8324935991
238,15,-86.713760376,37.2593383789,0.9207535283
238,16,-86.7178115845,37.2435646057,1.7902406095
238,17,-86.7206420898,37.2295684814,1.5763413775
238,18,-86.7203903198,37.2209510803,0.9584705493
238,19,-86.7154388428,37.2144813538,0.8424818629
238,20,-86.70703125,37.207485199,1.0768216125
238,21,-86.701499939,37.201007843,0.8710581635
238,22,-86.6819534302,37.1824188232,2.6963575974
238,23,-86.6576156616,37.1532745361,3.8926440382
238,24,-86.6378860474,37.1260452271,3.4965427666
238,25,-86.6215286255,37.1007118225,3.1684315804
238,26,-86.5970306396,37.0769996643,3.4167055904
238,27,-86.5822219849,37.0571365356,2.5699461479
238,28,-86.5661392212,37.0408706665,2.3040194308
238,29,-86.5459289551,37.0272254944,2.3495503597
238,30,-86.52784729,37.0181617737,1.8954061384
238,31,-86.5090560913,37.0122528076,1.7931208297
238,32,-86.5042648315,37.0026092529,1.1536287896
238,33,-86.5024185181,36.9912147522,1.2775763172
238,34,-86.5016479492,36.9816703796,1.0634904172
238,35,-86.4995193481,36.9630241394,2.0819725912
238,36,-86.4873428345,36.9504737854,1.7658185665
238,37,-86.4791183472,36.9402885437,1.3479126227
238,38,-86.4703216553,36.9296340942,1.4194556189
238,39,-86.4579849243,36.9216079712,1.4138874081
238,40,-86.4409866333,36.9148292542,1.6886985231
239,1,-89.5408401489,36.8719863892,275.694529048
239,2,-89.4608688354,36.900100708,7.7691340754
239,3,-89.3210220337,36.9067726135,12.4568505144
239,4,-89.3002548218,36.9244232178,2.6945695858
239,5,-89.2110061646,37.0294151306,14.1120395437
239,6,-89.2013626099,37.0407447815,1.5230953257
239,7,-89.194984436,37.0488853455,1.0676181258
239,8,-89.1884078979,37.1055412292,6.3268050032
239,9,-89.1603927612,37.1757392883,8.1911535612
239,10,-89.1581802368,37.4060249329,25.6073433705
239,11,-89.1464004517,37.4467887878,4.6505580604
239,12,-89.1160125732,37.4942932129,5.9240292563
239,13,-89.019744873,37.580532074,12.8064145098
239,14,-89.0032958984,37.6090240479,3.4838962452
240,1,-89.5408401489,36.8719863892,94.7671730373
240,2,-89.5425720215,36.8855895996,1.5204315193
240,3,-89.5444946289,37.2061271667,35.6425597014
240,4,-89.5728378296,37.2401123047,4.5363747645
240,5,-89.5688247681,37.2745704651,3.8479984836
240,6,-89.6117401123,37.3534164429,9.553487535
240,7,-89.6506652832,37.4227333069,8.4400879308
240,8,-89.6879425049,37.4974746704,8.9384589989
240,9,-89.7700881958,37.5961380005,13.1456320857
240,10,-89.8563156128,37.6507644653,9.7245233584
240,11,-89.8949584961,37.7023200989,6.6655910303
240,12,-89.9331741333,37.7715415955,8.3987045744
240,13,-89.9636764526,37.8085975647,4.9155027468
240,14,-90.0363388062,37.8681335449,9.194640149
240,15,-90.2199707031,37.9863967896,20.7928301977
240,16,-90.3496627808,38.1437530518,20.8581695798
240,17,-90.3875198364,38.1774787903,5.0018671521
240,18,-90.4058609009,38.1927566528,2.3357435872
240,19,-90.4155273438,38.3109855652,13.1735250259
240,20,-90.4140853882,38.3363761902,2.8261094581
240,21,-90.393409729,38.3727912903,4.4323960489
240,22,-90.3963546753,38.4217185974,5.4465181459
240,23,-90.3653564453,38.4831314087,7.3429346546
240,24,-90.3397140503,38.5023422241,3.08925672
240,25,-90.3274841309,38.5133056641,1.6182038633
240,26,-90.2961883545,38.5556640625,5.4400731087
240,27,-90.250541687,38.5804252625,4.8300987046
240,28,-90.2319869995,38.6090888977,3.5719539868
241,1,-87.4375839233,37.2089805603,290.3906681495
241,2,-87.4390335083,37.1985740662,1.1642495128
241,3,-87.4386444092,37.1917610168,0.7583600724
241,4,-87.4424591064,37.1791305542,1.4445276106
241,5,-87.445640564,37.1683082581,1.2359572901
241,6,-87.4530334473,37.1516532898,1.9644117549
241,7,-87.4601364136,37.1454277039,0.9356999052
241,8,-87.4630966187,37.1427497864,0.3968760112
241,9,-87.4674301147,37.1319389343,1.2619959823
241,10,-87.471862793,37.1175041199,1.6524890373
241,11,-87.4741744995,37.0962333679,2.3740671438
241,12,-87.473487854,37.0789871216,1.9186620613
241,13,-87.4717483521,37.0581016541,2.3274806855
241,14,-87.467010498,37.0412445068,1.9210093669
241,15,-87.4641876221,37.0180702209,2.5890183671
241,16,-87.4571533203,37.0011711121,1.9801817038
241,17,-87.4552841187,36.9852676392,1.7761604261
241,18,-87.4550933838,36.9712028503,1.5640249329
241,19,-87.4589538574,36.9563064575,1.6915418552
241,20,-87.4605178833,36.9413604736,1.6677191078
241,21,-87.4602508545,36.9300231934,1.2608714349
241,22,-87.4615631104,36.9028320313,3.0257691237
241,23,-87.4640045166,36.8765678406,2.9285046022
241,24,-87.4631118774,36.8670310974,1.0634060953
241,25,-87.4655609131,36.8616294861,0.6389262919
241,26,-87.4674301147,36.8562164307,0.6244554674
241,27,-87.4687423706,36.8503494263,0.6627470415
241,28,-87.4745941162,36.8468132019,0.6524838733
241,29,-87.4781265259,36.8437042236,0.4672405592
241,30,-87.4816513062,36.8410415649,0.4313286718
241,31,-87.4886550903,36.8370742798,0.7635992031
241,32,-87.4860229492,36.827960968,1.0400787132
241,33,-87.4834060669,36.8183937073,1.0890327138
241,34,-87.4786529541,36.8028945923,1.7746094388
241,35,-87.4785079956,36.787021637,1.7650392969
241,36,-87.4794464111,36.7734298706,1.513644524
241,37,-87.4831466675,36.7639694214,1.1023793325
241,38,-87.4811706543,36.7521438599,1.3266732822
241,39,-87.4741821289,36.7343330383,2.0760608379
241,40,-87.4672317505,36.7151679993,2.219259879
242,1,-87.4672317505,36.7151679993,9.49352979660034E-005
242,2,-87.7342987061,36.8821907043,30.1724502833
242,3,-87.9728927612,37.0328216553,27.0181629868
242,4,-88.0345916748,37.0616989136,6.3477567518
242,5,-88.1081161499,37.0775299072,6.7566409017
243,1,-88.9375,36.5003738403,97.8433580992
243,2,-88.9350280762,36.5033721924,0.3999677622
243,3,-88.9349746704,36.5106201172,0.8059466022
243,4,-88.9314575195,36.5214920044,1.2490915727
243,5,-88.9256820679,36.528717041,0.9548611345
243,6,-88.9176254272,36.5332183838,0.8767640989
243,7,-88.9073104858,36.5349807739,0.9421980197
243,8,-88.8923950195,36.5376243591,1.3646268827
243,9,-88.8751754761,36.5420684814,1.6157938198
243,10,-88.8630981445,36.5488090515,1.313694321
243,11,-88.8475112915,36.562335968,2.0495577806
243,12,-88.8324890137,36.5767631531,2.0912499707
243,13,-88.8226394653,36.5889511108,1.6155857876
243,14,-88.8075637817,36.6079101563,2.5011061428
243,15,-88.796546936,36.6214485168,1.7980701134
243,16,-88.7866897583,36.6331825256,1.5735803923
243,17,-88.7779693604,36.6458282471,1.6070513667
243,18,-88.7663726807,36.6589050293,1.7845346426
243,19,-88.7570648193,36.6720046997,1.676593271
243,20,-88.7535095215,36.6828651428,1.2485543419
243,21,-88.7441864014,36.6973152161,1.8090816736
243,22,-88.7337188721,36.7104072571,1.7291807341
243,23,-88.7244567871,36.7180557251,1.1852868719
243,24,-88.7135162354,36.7216072083,1.0520649806
243,25,-88.7002944946,36.7233390808,1.1940497413
243,26,-88.6973342896,36.7310256958,0.8945021217
243,27,-88.6949920654,36.7355384827,0.5434787033
243,28,-88.6914978027,36.7400550842,0.5909151441
243,29,-88.6839523315,36.7477149963,1.0851179613
243,30,-88.6729660034,36.7544403076,1.231794789
243,31,-88.6619796753,36.7611656189,1.2317266098
243,32,-88.6521606445,36.7660865784,1.0317305957
243,33,-88.6314086914,36.7722854614,1.9727758069
243,34,-88.5962295532,36.7833633423,3.3666064393
243,35,-88.5696563721,36.7949447632,2.6940627288
243,36,-88.547744751,36.8006706238,2.0522662912
243,37,-88.5114440918,36.807636261,3.3234513466
243,38,-88.466468811,36.8181419373,4.1707397254
243,39,-88.4346847534,36.8301048279,3.1261998326
243,40,-88.4074630737,36.8439254761,2.8688963528
243,41,-88.3915939331,36.8669013977,2.9189992786
243,42,-88.3835678101,36.903553009,4.1375152564
243,43,-88.3751602173,36.9270515442,2.7177264801
243,44,-88.3379745483,36.9860992432,7.3503099789
244,1,-97.317199707,36.3949050903,803.0200899268
244,2,-97.3185119629,36.4711074829,8.4741326777
244,3,-97.3507232666,36.564365387,10.7619174978
244,4,-97.3467330933,36.6931648254,14.3262696566
244,5,-97.3432617188,36.8073997498,12.7061087375
244,6,-97.3394546509,36.869556427,6.9198061457
244,7,-97.3491592407,36.9495010376,8.9312113865
244,8,-97.3450469971,36.9953842163,5.1150388623
244,9,-97.3449172974,36.9977684021,0.2653594931
244,10,-97.3419189453,37.0516586304,5.9982289362
244,11,-97.3353271484,37.2733345032,24.6561525919
244,12,-97.3311309814,37.3172073364,4.8925372694
244,13,-97.3156509399,37.3452606201,3.4064406149
244,14,-97.3207321167,37.5332832336,20.911973115
244,15,-97.3109207153,37.604183197,7.9309990369
245,1,-86.7917022705,36.2293167114,947.0580613589
245,2,-86.7598342896,36.2426567078,3.2201829788
245,3,-86.6983718872,36.3170089722,9.935111219
245,4,-86.6953430176,36.3364486694,2.178559423
245,5,-86.7051620483,36.3629989624,3.0804419383
245,6,-86.7163619995,36.387752533,2.9294257406
245,7,-86.7071685791,36.4278793335,4.5371141872
245,8,-86.6581573486,36.5425643921,13.4841705994
245,9,-86.6182174683,36.5891571045,6.2900546927
245,10,-86.5929870605,36.6211509705,4.2105076458
245,11,-86.587097168,36.6371917725,1.8594811188
245,12,-86.5940551758,36.6505088806,1.605653971
245,13,-86.5907211304,36.6541786194,0.5049474904
245,14,-86.5730743408,36.6735916138,2.6715492263
245,15,-86.5037078857,36.7272453308,8.5929030395
245,16,-86.4681549072,36.8542785645,14.4758909341
245,17,-86.4409866333,36.9148292542,7.153385172
246,1,-86.7917022705,36.2293167114,82.4087672293
246,2,-86.8302383423,36.2869110107,7.2768523325
246,3,-86.8752212524,36.3214759827,5.5696070339
246,4,-86.9604263306,36.3592147827,8.7093340859
246,5,-87.0306549072,36.4025001526,7.9178650862
246,6,-87.1549835205,36.4988555908,15.4419167821
246,7,-87.1924743652,36.5192565918,4.0464008715
246,8,-87.2872085571,36.6087913513,13.0653396985
246,9,-87.3652038574,36.6485404968,8.2448185529
246,10,-87.4672317505,36.7151679993,11.7331408195
247,1,-89.5408401489,36.8719863892,185.4617015497
247,2,-89.5378570557,36.6634101868,23.1941376424
247,3,-89.5498886108,36.6371040344,3.1158221191
247,4,-89.5830688477,36.568157196,8.2187897289
247,5,-89.6076431274,36.5218811035,5.5943883321
247,6,-89.6909637451,36.4174690247,13.7950849148
247,7,-89.7040328979,36.3870620728,3.5776983078
247,8,-89.7077941895,36.2999763489,9.6893487976
247,9,-89.7321014404,36.2219161987,8.9493165022
247,10,-89.750289917,36.2019233704,2.7577082059
248,1,-86.7861175537,36.1942520142,265.9723851644
248,2,-86.789276123,36.2015838623,0.8631257088
248,3,-86.7917022705,36.2293167114,3.0914237555
249,1,-86.7861175537,36.1942520142,3.9310775699
249,2,-86.8224182129,36.1837234497,3.461687745
249,3,-86.8348846436,36.1535987854,3.5316921212
250,1,-86.7349624634,36.1427078247,9.0533023647
250,2,-86.7655181885,36.167350769,3.8774252178
250,3,-86.7888641357,36.1811523438,2.5973819726
250,4,-86.7861175537,36.1942520142,1.4773251853
251,1,-97.317199707,36.3949050903,943.6060470134
251,2,-97.3000335693,36.3954162598,1.5375178039
251,3,-97.2823181152,36.3950233459,1.5862343499
251,4,-97.1337203979,36.3933258057,13.3018464426
251,5,-97.1045608521,36.3931007385,2.6101303344
251,6,-97.0862731934,36.3926696777,1.637598856
251,7,-97.0720901489,36.3896102905,1.3143177693
251,8,-97.0618438721,36.3884506226,0.9261927088
251,9,-97.0466003418,36.3835296631,1.4701670528
251,10,-97.0297393799,36.3763046265,1.7099309609
251,11,-97.016998291,36.3659934998,1.6173683949
251,12,-97.0110397339,36.3576774597,1.0675916306
251,13,-97.0008392334,36.3410835266,2.0589257859
251,14,-96.9945449829,36.3268585205,1.6792304653
251,15,-96.9847793579,36.3139228821,1.683571396
251,16,-96.9677200317,36.2976226807,2.3710669779
251,17,-96.9424285889,36.2733612061,3.5237459953
251,18,-96.919303894,36.2523612976,3.1226949669
251,19,-96.8960494995,36.234954834,2.8452245057
251,20,-96.8822174072,36.2245941162,1.6930821615
251,21,-96.8682403564,36.2178649902,1.4601138115
251,22,-96.8501586914,36.2137565613,1.6852393361
251,23,-96.7766494751,36.2117729187,6.5985858069
251,24,-96.670539856,36.2107467651,9.5205184151
251,25,-96.5718536377,36.211063385,8.8539397152
251,26,-96.4650802612,36.212097168,9.5800353793
251,27,-96.3662872314,36.2145042419,8.8672216693
251,28,-96.3116073608,36.2115440369,4.9166331573
251,29,-96.300239563,36.2107429504,1.0237686531
251,30,-96.2889099121,36.2090301514,1.0341684786
251,31,-96.2794265747,36.2046394348,0.9809865049
251,32,-96.2644195557,36.1964607239,1.6249038174
251,33,-96.2535018921,36.186580658,1.4720240867
251,34,-96.2432174683,36.1753616333,1.551858231
251,35,-96.2350616455,36.1673927307,1.1494040291
251,36,-96.2267227173,36.1630439758,0.8911828907
251,37,-96.2176818848,36.1613922119,0.8321465049
251,38,-96.1742019653,36.1640968323,3.9148728353
251,39,-96.1616516113,36.1641426086,1.1266693396
251,40,-96.1537780762,36.162071228,0.7434050646
251,41,-96.129737854,36.152671814,2.3980483186
251,42,-96.1173019409,36.1504516602,1.1435287801
251,43,-96.1038513184,36.1459274292,1.308308617
251,44,-96.1011657715,36.1426620483,0.4358762507
251,45,-96.0967102051,36.1407012939,0.455643958
251,46,-96.0887145996,36.1408958435,0.7183128244
251,47,-96.0824356079,36.1411399841,0.5644905986
251,48,-96.0766906738,36.1418571472,0.52200441
251,49,-96.0651245117,36.1451072693,1.0996611743
251,50,-96.0397415161,36.1506271362,2.3603299756
251,51,-96.0230941772,36.1527938843,1.5139784109
251,52,-96.00831604,36.1518478394,1.3310113522
251,53,-95.9969787598,36.1505622864,1.0279146393
251,54,-95.9916381836,36.1544647217,0.646696393
251,55,-95.9828643799,36.1587142944,0.9185698811
251,56,-95.9753189087,36.1611862183,0.7310420302
251,57,-95.9609832764,36.1625137329,1.2953991735
251,58,-95.9478225708,36.1634254456,1.18580852
251,59,-95.9329910278,36.1633758545,1.3314660909
251,60,-95.9136505127,36.1413803101,2.999542786
251,61,-95.8939971924,36.1252670288,2.5150420846
252,1,-86.786895752,36.124835968,817.6611502416
252,2,-86.8136825562,36.1245346069,2.4061207258
252,3,-86.8283081055,36.1298561096,1.4406940416
252,4,-86.8348846436,36.1535987854,2.7053085169
253,1,-89.3206710815,36.0906829834,223.3744461301
253,2,-89.3104095459,36.0983848572,1.2583842113
253,3,-89.2807846069,36.118812561,3.4988944709
253,4,-89.2585754395,36.1360321045,2.7649398016
253,5,-89.2431869507,36.1509780884,2.16133066
253,6,-89.2272262573,36.1677360535,2.3506272957
253,7,-89.2163772583,36.1867599487,2.3287257781
253,8,-89.2100906372,36.1989860535,1.4718873613
253,9,-89.2037887573,36.2148475647,1.8521347613
253,10,-89.1991958618,36.229347229,1.6640983098
253,11,-89.1957321167,36.2438468933,1.6419450022
253,12,-89.1945114136,36.2597045898,1.7666896733
253,13,-89.192741394,36.2687606812,1.0194190765
253,14,-89.1897964478,36.2800750732,1.2855031147
253,15,-89.183921814,36.2945480347,1.69326805
253,16,-89.1763381958,36.3072013855,1.5625209406
253,17,-89.1693878174,36.3185119629,1.4034178233
253,18,-89.1563644409,36.3407363892,2.732784706
253,19,-89.1496429443,36.3520851135,1.3981539818
253,20,-89.1354980469,36.3670387268,2.0902482284
253,21,-89.1073226929,36.387336731,3.3848037798
253,22,-89.0706481934,36.4102745056,4.156882449
253,23,-89.0586166382,36.4161186218,1.2575556382
253,24,-89.0450973511,36.4228973389,1.42529412
253,25,-89.0330734253,36.4283638,1.2356341646
253,26,-89.0126419067,36.4402885437,2.2581202249
253,27,-88.9936218262,36.4500236511,2.0164941708
253,28,-88.9719619751,36.465511322,2.5919537642
253,29,-88.9596099854,36.4797821045,1.9333677717
253,30,-88.9534683228,36.4870300293,0.9752055198
253,31,-88.9447097778,36.4939079285,1.094510472
253,32,-88.9375,36.5003738403,0.9655396624
254,1,-89.750289917,36.2019233704,79.998215858
254,2,-89.6247253418,36.1209220886,14.4288866355
254,3,-89.6231994629,36.1173591614,0.4192172491
254,4,-89.6209411621,36.1121025085,0.6187138257
254,5,-89.6171798706,36.1000061035,1.3868536526
254,6,-89.6119003296,36.096446991,0.6177604994
254,7,-89.6001205444,36.0925750732,1.1426366099
254,8,-89.5839767456,36.0903358459,1.4718015263
254,9,-89.5601654053,36.0855255127,2.2054877506
254,10,-89.5347747803,36.0856628418,2.2816741261
254,11,-89.4978790283,36.0867843628,3.3178014441
254,12,-89.484375,36.0847930908,1.2335157915
254,13,-89.4719543457,36.0851249695,1.1167494185
254,14,-89.4561080933,36.0854568481,1.4244412422
254,15,-89.4390792847,36.087184906,1.5422262071
254,16,-89.4288406372,36.088973999,0.9412870516
254,17,-89.4100418091,36.0867271423,1.7076058938
254,18,-89.3872756958,36.0853652954,2.0513673006
254,19,-89.3684921265,36.086265564,1.6908685606
254,20,-89.3502807617,36.0884895325,1.6550310777
254,21,-89.3349075317,36.0902519226,1.3952162952
254,22,-89.3206710815,36.0906829834,1.2801178145
255,1,-81.0809631348,36.9667243958,742.4059663758
255,2,-81.1112289429,36.9608345032,2.7676180239
255,3,-81.1787719727,36.9384040833,6.4996704195
255,4,-81.3541259766,36.8970794678,16.2521333076
255,5,-81.3980178833,36.8788490295,4.3984941748
255,6,-81.4950790405,36.8311958313,10.131883396
255,7,-81.5130691528,36.8233375549,1.8241251726
255,8,-81.6041946411,36.8061981201,8.332867126
255,9,-81.6754379272,36.794216156,6.4817005503
255,10,-81.7624893188,36.777545929,7.9707790988
255,11,-81.8804168701,36.7479019165,11.0100641615
255,12,-81.9205856323,36.7278137207,4.2192016327
255,13,-81.9343338013,36.7173194885,1.6920744992
255,14,-81.954826355,36.7043037415,2.3305691816
255,15,-81.9934310913,36.6965103149,3.5491471848
255,16,-82.1391143799,36.6274147034,15.0959870379
255,17,-82.1964874268,36.6265525818,5.1207531258
255,18,-82.2322540283,36.6115226746,3.6031067756
255,19,-82.2502212524,36.5970916748,2.2687413378
255,20,-82.2555999756,36.5928764343,0.6710219874
255,21,-82.2629013062,36.5871543884,0.9109129955
255,22,-82.3144073486,36.5602378845,5.487536963
255,23,-82.4409255981,36.5159187317,12.3308207393
255,24,-82.5031585693,36.4818305969,6.7313942383
255,25,-82.5213317871,36.4715194702,1.988683282
255,26,-82.6242218018,36.4065437317,11.7010491105
255,27,-82.6654586792,36.3766212463,4.9693764612
255,28,-82.7350463867,36.3428344727,7.2762586536
255,29,-83.0546646118,36.2318496704,31.1923726153
255,30,-83.1344680786,36.2020225525,7.8901353348
255,31,-83.2294387817,36.1516036987,10.2026165771
255,32,-83.2765731812,36.1472625732,4.2595347715
255,33,-83.3393096924,36.1277885437,6.0356480893
255,34,-83.3596954346,36.1015625,3.4434780469
255,35,-83.3709182739,36.0680580139,3.8596172603
256,1,-78.9754867554,36.0321807861,395.1419045792
256,2,-79.0305786133,36.0389938354,5.0113413787
256,3,-79.0965881348,36.0381507874,5.9359575211
256,4,-79.1617507935,36.0617637634,6.4197194986
256,5,-79.3039779663,36.0663070679,12.7941348586
256,6,-79.3985748291,36.050945282,8.6733365693
256,7,-79.4713439941,36.0603637695,6.6248914022
256,8,-79.5835189819,36.0476531982,10.1827497082
256,9,-79.7388458252,36.0489997864,13.965216633
256,10,-79.7741470337,36.0404510498,3.3131383029
256,11,-79.8043136597,36.0341567993,2.801302944
256,12,-79.8213806152,36.0346374512,1.5355796134
257,1,-77.4000244141,37.2188148499,253.0234386882
257,2,-77.4266281128,37.2025146484,2.9724901205
257,3,-77.4670639038,37.2029838562,3.5816510304
257,4,-77.4953842163,37.1948280334,2.667275143
257,5,-77.5086669922,37.1726150513,2.7359465184
257,6,-77.5230941772,37.1367988586,4.1827873516
257,7,-77.5744171143,37.0728569031,8.442017098
257,8,-77.6751785278,36.995677948,12.3953345257
257,9,-77.7038803101,36.9634399414,4.3988825848
257,10,-77.7383651733,36.9280204773,4.990309508
257,11,-77.7883987427,36.9043388367,5.1691021434
257,12,-77.8583145142,36.8501853943,8.6564011516
257,13,-77.9059524536,36.8423194885,4.3282834852
257,14,-77.9197540283,36.8427276611,1.229010201
257,15,-77.9507827759,36.8358154297,2.8662725069
257,16,-78.0069198608,36.7965965271,6.6325089951
257,17,-78.0904312134,36.7567634583,8.6568043556
257,18,-78.1182250977,36.7149085999,5.2720505342
257,19,-78.1471939087,36.6302528381,9.7614024444
257,20,-78.1726379395,36.5926132202,4.761786737
257,21,-78.180770874,36.5492248535,4.878928467
257,22,-78.1935272217,36.5209999084,3.339001177
257,23,-78.2346725464,36.4757995605,6.2279770391
257,24,-78.3679046631,36.3751792908,16.3486076373
257,25,-78.4142532349,36.3454093933,5.3087654616
257,26,-78.4362564087,36.3311805725,2.5273534848
257,27,-78.458770752,36.3196792603,2.388244754
257,28,-78.4952774048,36.3215065002,3.2769895351
257,29,-78.5351333618,36.3278961182,3.640568462
257,30,-78.5639648438,36.3132781982,3.0519213146
257,31,-78.6069335938,36.2747764587,5.7583360942
257,32,-78.6731491089,36.2093009949,9.3952048338
257,33,-78.7737884521,36.0865325928,16.3710612352
257,34,-78.8762130737,36.0131378174,12.3042244218
257,35,-78.8932800293,36.0128440857,1.5354136482
257,36,-78.9403076172,36.0255203247,4.4581952705
257,37,-78.9754867554,36.0321807861,3.2490430901
258,1,-83.9359207153,35.9758262634,446.2067459344
258,2,-83.9691543579,36.0041885376,4.3458442923
258,3,-83.9737014771,36.0121269226,0.9728632508
258,4,-83.9828872681,36.0584526062,5.2169812429
258,5,-83.999168396,36.085559845,3.3506028895
258,6,-84.1421966553,36.2310943604,20.6582691255
258,7,-84.1775588989,36.2481231689,3.6937060969
258,8,-84.2152404785,36.2575263977,3.536961786
258,9,-84.2292175293,36.270866394,1.9418115607
258,10,-84.2341079712,36.3337783813,7.0092076542
258,11,-84.2736816406,36.3836593628,6.5819300294
258,12,-84.2900848389,36.4211654663,4.4213258275
258,13,-84.2835388184,36.43359375,1.5009398544
258,14,-84.1412200928,36.5433197021,17.6277883616
258,15,-84.1140975952,36.5768852234,4.4495475001
258,16,-84.1148223877,36.5907783508,1.5462001909
258,17,-84.114730835,36.593536377,0.3067874218
258,18,-84.1137084961,36.6220741272,3.1745648851
258,19,-84.1279296875,36.6322479248,1.7000927223
258,20,-84.1558761597,36.6425857544,2.7457553263
258,21,-84.1861495972,36.7265777588,9.7217994208
258,22,-84.1767120361,36.7865638733,6.7229322381
258,23,-84.17162323,36.8413009644,6.103322108
258,24,-84.1334991455,36.91588974,8.9603232826
258,25,-84.1232223511,36.9626579285,5.2799826856
258,26,-84.1149520874,37.1012535095,15.4286009659
258,27,-84.1220550537,37.1310806274,3.3758931482
258,28,-84.1216583252,37.1446876526,1.5134408014
259,1,-79.8213806152,36.0346374512,403.2416984503
259,2,-79.8549346924,36.0378570557,3.0382551639
259,3,-79.9055557251,36.0442581177,4.6067422806
259,4,-80.0660476685,36.0987129211,15.6438862238
259,5,-80.0922393799,36.1036872864,2.4172760904
259,6,-80.2043685913,36.0894851685,10.1976356382
259,7,-80.2157592773,36.089012146,1.0248796593
259,8,-80.2225875854,36.0880889893,0.6221018445
259,9,-80.2379379272,36.0830726624,1.4879046222
259,10,-80.298828125,36.0774917603,5.5070904038
259,11,-80.3221588135,36.0760688782,2.1027113479
259,12,-80.433380127,36.0171966553,11.9516424692
259,13,-80.5014801025,35.9951553345,6.5978024213
259,14,-80.5862350464,35.9258079529,10.8467018942
259,15,-80.61277771,35.9066200256,3.2040073306
259,16,-80.6382064819,35.8915138245,2.8403718672
259,17,-80.7089767456,35.8697891235,6.8182874391
259,18,-80.8485565186,35.8130645752,14.0741218688
260,1,-80.9241256714,36.9399757385,125.4892949252
260,2,-80.8979721069,36.9098739624,4.0753384906
260,3,-80.883140564,36.8744392395,4.1550634113
260,4,-80.8751220703,36.8510780334,2.6938178312
260,5,-80.761505127,36.751209259,15.0217182369
260,6,-80.7234954834,36.6891212463,7.6902944578
260,7,-80.7247390747,36.6609573364,3.1336471171
260,8,-80.7464141846,36.6282081604,4.1231563463
260,9,-80.7600021362,36.6023864746,3.1168530864
260,10,-80.744354248,36.5609512329,4.8145837624
260,11,-80.7429504395,36.5572395325,0.4313474666
260,12,-80.7507324219,36.4755630493,9.108597986
260,13,-80.7820205688,36.4032478333,8.514266355
260,14,-80.7955474854,36.3305892944,8.1695411419
260,15,-80.8221435547,36.255115509,8.7242430789
260,16,-80.8255157471,36.1983947754,6.314307108
260,17,-80.8108978271,36.1118545532,9.7119185605
260,18,-80.8170318604,36.0464859009,7.2895360591
260,19,-80.8638763428,35.9136810303,15.3570275853
260,20,-80.8656997681,35.8741950989,4.3937065127
260,21,-80.856338501,35.8497619629,2.8447989237
260,22,-80.8485565186,35.8130645752,4.140431017
261,1,-95.8939971924,36.1252670288,1353.0889234895
261,2,-95.9260940552,36.1009407043,3.9534682521
261,3,-95.941078186,36.097820282,1.3902453552
261,4,-96.0055465698,36.0963668823,5.7945899367
261,5,-96.0237503052,36.0969734192,1.6369625009
261,6,-96.0425415039,36.0862503052,2.0670322448
261,7,-96.0645980835,36.0674552917,2.8804535414
261,8,-96.0985717773,36.027256012,5.413852444
261,9,-96.1901016235,35.995716095,8.9485683918
261,10,-96.2982330322,35.913772583,13.332402588
261,11,-96.3809814453,35.8591117859,9.6184036033
261,12,-96.6485900879,35.7666282654,26.2305932321
261,13,-96.8748779297,35.7255897522,20.9254887411
261,14,-97.0134353638,35.6905670166,13.1025285365
261,15,-97.0294570923,35.6864318848,1.5182639839
261,16,-97.0889968872,35.6702041626,5.6725294304
261,17,-97.131439209,35.6412773132,5.0050504263
261,18,-97.306312561,35.6272239685,15.8810648621
261,19,-97.4266586304,35.6003875732,11.2807733891
262,1,-97.4266586304,35.6003875732,0
262,2,-97.419128418,35.6556053162,6.1775380382
262,3,-97.4200744629,35.761390686,11.7631065814
262,4,-97.3999099731,35.8204154968,6.8106010289
262,5,-97.3858184814,35.8836479187,7.144905517
262,6,-97.3747634888,35.9405899048,6.4094566253
262,7,-97.3461074829,35.979888916,5.0742116219
262,8,-97.3390579224,36.1171455383,15.2753934653
262,9,-97.320526123,36.1734809875,6.4814625351
262,10,-97.3189926147,36.2801475525,11.8615784742
262,11,-97.317199707,36.3949050903,12.7614665264
263,1,-78.3058319092,35.4999351501,1711.5021364299
263,2,-78.340133667,35.507232666,3.2093231074
263,3,-78.3607940674,35.5188674927,2.2738969892
263,4,-78.3910598755,35.5574073792,5.0857173532
263,5,-78.4629364014,35.5819664001,7.0512839096
263,6,-78.5153198242,35.6221199036,6.508822084
263,7,-78.5937271118,35.6965942383,10.897580414
263,8,-78.6117630005,35.7013435364,1.7121335396
263,9,-78.651008606,35.7244873047,4.3792269667
263,10,-78.6449584961,35.7457466125,2.4261815269
263,11,-78.6935119629,35.757183075,4.5623377954
263,12,-78.7147750854,35.7732963562,2.6250338988
263,13,-78.724395752,35.807888031,3.9430868543
263,14,-78.8011932373,35.8300132751,7.3484853982
263,15,-78.8545227051,35.8681983948,6.4134161299
263,16,-78.8728179932,35.8974113464,3.6425847795
263,17,-78.8800506592,35.9460296631,5.445199713
263,18,-78.9169616699,35.9876556396,5.6972495296
263,19,-78.9497070313,36.0038299561,3.4514996316
263,20,-78.9754867554,36.0321807861,3.9132928142
264,1,-95.1720504761,35.4835281372,1461.0708438483
264,2,-95.1761322021,35.4905090332,0.8597229259
264,3,-95.1780776978,35.49559021,0.5918181958
264,4,-95.2077255249,35.536781311,5.3083844619
264,5,-95.2311401367,35.5695343018,4.2131649241
264,6,-95.2578811646,35.6037750244,4.5103892748
264,7,-95.2795791626,35.6282691956,3.3563616621
264,8,-95.3000793457,35.6449928284,2.6249340717
264,9,-95.311958313,35.654548645,1.5103280906
264,10,-95.3189468384,35.6607322693,0.9335081991
264,11,-95.3247146606,35.6682243347,0.9826134562
264,12,-95.3310012817,35.6766586304,1.0963788837
264,13,-95.3364715576,35.6891326904,1.4724192487
264,14,-95.3374481201,35.7009887695,1.321282195
264,15,-95.3464736938,35.7481307983,5.3048949817
264,16,-95.3522338867,35.7770118713,3.2532136067
264,17,-95.3562927246,35.8102989197,3.7194103385
264,18,-95.3599090576,35.825428009,1.7135871143
264,19,-95.3656997681,35.8329277039,0.9838558502
264,20,-95.3732757568,35.8391304016,0.9706205209
264,21,-95.3927841187,35.8453330994,1.8888727713
264,22,-95.4233856201,35.8560600281,3.0049419128
264,23,-95.4874725342,35.8771362305,6.232321382
264,24,-95.50756073,35.8833465576,1.9371141825
264,25,-95.5270080566,35.8908920288,1.9424975744
264,26,-95.5397338867,35.8968200684,1.3223425662
264,27,-95.5497589111,35.9003753662,0.9857418683
264,28,-95.5628662109,35.909488678,1.5558106649
264,29,-95.5765991211,35.9177284241,1.5391536172
264,30,-95.5858535767,35.9248771667,1.1516686509
264,31,-95.5917739868,35.9305534363,0.8261672298
264,32,-95.6074981689,35.9438514709,2.0470817577
264,33,-95.6148452759,35.9545631409,1.3623794013
264,34,-95.6199951172,35.9638404846,1.1309414822
264,35,-95.6327056885,35.9802055359,2.1493476143
264,36,-95.6398010254,35.9954452515,1.810837812
264,37,-95.6514358521,36.0108566284,2.0079960988
264,38,-95.6612167358,36.0189399719,1.2576868205
264,39,-95.6748809814,36.0289726257,1.6596907928
264,40,-95.6932449341,36.0364494324,1.8487891528
264,41,-95.7044067383,36.0404853821,1.0993789861
264,42,-95.7210998535,36.0474395752,1.6883432927
264,43,-95.734588623,36.0506477356,1.2640566069
264,44,-95.7419204712,36.0518188477,0.6718744154
264,45,-95.7565002441,36.055973053,1.3896960286
264,46,-95.7706069946,36.0582962036,1.2941470051
264,47,-95.7800979614,36.0618057251,0.9381585986
264,48,-95.7850875854,36.064250946,0.5244809035
264,49,-95.79271698,36.0704269409,0.9704918012
264,50,-95.813079834,36.0834007263,2.3302666118
264,51,-95.8500137329,36.1060371399,4.1651143651
264,52,-95.8939971924,36.1252670288,4.4923965794
265,1,-97.4266586304,35.6003875732,149.9383298342
265,2,-97.4387893677,35.5929374695,1.3745106353
265,3,-97.4574127197,35.5774459839,2.4090353888
265,4,-97.4647140503,35.5449180603,3.6767449628
265,5,-97.466293335,35.4972839355,5.2986010764
265,6,-97.4738693237,35.4733810425,2.7449680589
266,1,-95.9575424194,35.4266929626,137.4483216167
266,2,-95.7952346802,35.4301109314,14.7109854414
266,3,-95.7074508667,35.4542121887,8.3918181288
266,4,-95.5244750977,35.451965332,16.5755244247
266,5,-95.3706893921,35.4528541565,13.9301226797
266,6,-95.3277740479,35.470703125,4.3641908054
266,7,-95.3020401001,35.4846763611,2.8007320755
266,8,-95.2782592773,35.4850921631,2.1536726123
266,9,-95.1720504761,35.4835281372,9.6180560908
267,1,-97.4738693237,35.4733810425,208.4275449306
267,2,-97.4011993408,35.4341239929,7.8981738649
267,3,-97.3233413696,35.4164924622,7.3220367048
267,4,-97.2369308472,35.3863525391,8.5188781504
267,5,-97.0061721802,35.3852653503,20.9195468859
267,6,-96.9965362549,35.3863868713,0.8823920705
267,7,-96.9011383057,35.387096405,8.6484677693
267,8,-96.8365325928,35.3935585022,5.9003563319
267,9,-96.7495193481,35.3825683594,7.9819832275
267,10,-96.6524047852,35.3834838867,8.804718073
267,11,-96.4429016113,35.3859863281,18.9945938262
267,12,-96.3003082275,35.4165763855,13.3642968312
267,13,-96.1982803345,35.4242401123,9.2844604964
267,14,-96.152381897,35.4159393311,4.260296513
267,15,-96.1170120239,35.422958374,3.2987442103
267,16,-95.9971313477,35.4257698059,10.86696608
267,17,-95.9575424194,35.4266929626,3.5885648401
268,1,-80.8670883179,35.249256134,1367.6328070376
268,2,-80.8519515991,35.2557220459,1.5511581303
268,3,-80.7711791992,35.286693573,8.1011870316
268,4,-80.7033004761,35.3788108826,11.9513041717
268,5,-80.6718978882,35.3998718262,3.686156631
268,6,-80.6445236206,35.4317970276,4.330776626
268,7,-80.6045532227,35.4442596436,3.8772373908
268,8,-80.5916137695,35.4502296448,1.3470484099
268,9,-80.5669631958,35.4753112793,3.5724610762
268,10,-80.5592498779,35.5012168884,2.9640167366
268,11,-80.5584259033,35.5429725647,4.643618147
268,12,-80.5445251465,35.5761642456,3.8990721191
268,13,-80.4573287964,35.6505050659,11.4220561799
268,14,-80.402633667,35.6897277832,6.5903713766
268,15,-80.3790130615,35.7224769592,4.2201333482
268,16,-80.3084335327,35.7812156677,9.1228234145
268,17,-80.2461166382,35.795879364,5.8526496941
268,18,-80.2098770142,35.8163642883,3.983552133
268,19,-80.1407241821,35.8414230347,6.8287119403
268,20,-80.0141906738,35.8614654541,11.6198975221
268,21,-79.9693450928,35.8782501221,4.4510837081
268,22,-79.951171875,35.8945770264,2.4446499638
268,23,-79.9198913574,35.9372062683,5.5140072264
268,24,-79.8999481201,35.9857330322,5.6866400261
268,25,-79.8333435059,36.0246734619,7.3921526671
268,26,-79.8213806152,36.0346374512,1.5442802716
269,1,-90.0052566528,35.1962280273,924.8520303515
269,2,-90.0255355835,35.1984100342,1.858557631
269,3,-90.0385437012,35.2092475891,1.6879249771
270,1,-101.834197998,35.1905975342,1071.1535041765
270,2,-101.7559890747,35.1908798218,7.1071272256
270,3,-101.7143936157,35.192855835,3.7862210732
270,4,-101.6064682007,35.1984634399,9.8266849412
270,5,-101.5740737915,35.2102508545,3.2219253016
270,6,-101.5636367798,35.2226486206,1.6731467743
270,7,-101.3762588501,35.2268028259,17.026682227
270,8,-101.3496246338,35.21667099,2.6688469535
270,9,-101.1114425659,35.2096252441,21.6524557945
270,10,-100.9642562866,35.1859512329,13.6306666427
270,11,-100.9029312134,35.1855278015,5.5733182611
270,12,-100.8146362305,35.1884422302,8.0305177681
270,13,-100.7563858032,35.2147102356,6.0451483231
270,14,-100.7226028442,35.213558197,3.0717375996
270,15,-100.6028900146,35.2337493896,11.1035773579
270,16,-100.5623092651,35.227142334,3.7583845911
270,17,-100.2437210083,35.2268714905,28.9380578516
270,18,-100.0112609863,35.2248497009,21.1163325396
270,19,-99.996673584,35.2265777588,1.3388862555
270,20,-99.9459609985,35.2325592041,4.6539584179
270,21,-99.7967910767,35.2305793762,13.550449147
270,22,-99.6407852173,35.2492713928,14.3197319511
270,23,-99.6221923828,35.2523918152,1.7236163514
270,24,-99.6069259644,35.2645988464,1.9400564207
270,25,-99.6039733887,35.2909164429,2.9386312938
270,26,-99.6031951904,35.3322219849,4.5935094664
270,27,-99.5025177002,35.3853988647,10.8774137442
270,28,-99.4850006104,35.3898620605,1.6637042674
270,29,-99.406578064,35.3922195435,7.1136898692
270,30,-99.3634719849,35.420589447,5.0213607027
270,31,-99.3115234375,35.4243812561,4.7260479876
270,32,-99.2865753174,35.4369430542,2.6571474981
270,33,-99.1883468628,35.4385795593,8.9009260866
270,34,-99.106590271,35.4788360596,8.6527091066
270,35,-99.0111083984,35.4821624756,8.6535518341
270,36,-98.9560089111,35.5052871704,5.6120371482
270,37,-98.8916244507,35.5037956238,5.8304661984
270,38,-98.8773574829,35.5131912231,1.6610752357
270,39,-98.7613296509,35.5256500244,10.5919271434
270,40,-98.714553833,35.5178909302,4.3202824448
270,41,-98.6182327271,35.5322341919,8.8615027291
270,42,-98.3384094238,35.534538269,25.3219035286
270,43,-98.2776260376,35.5481948853,5.7054111898
270,44,-98.2247543335,35.5365180969,4.9567884872
270,45,-98.1072387695,35.5342407227,10.6364836558
270,46,-98.003326416,35.5307197571,9.4110610179
270,47,-97.9733810425,35.5088768005,3.6392470932
270,48,-97.9301757813,35.4976844788,4.1042564557
270,49,-97.8098068237,35.4982414246,10.896913542
270,50,-97.6719284058,35.4615592957,13.1340504903
270,51,-97.5785598755,35.4674034119,8.4809027964
270,52,-97.512878418,35.4723930359,5.9738951186
270,53,-97.4738693237,35.4733810425,3.5342178273
271,1,-89.8767623901,35.1526756287,690.0800254006
271,2,-89.8336410522,35.1936645508,6.0112292928
271,3,-89.8106155396,35.2050743103,2.4467915193
271,4,-89.6251449585,35.2880821228,19.2059269338
271,5,-89.5356140137,35.3516998291,10.7714243085
271,6,-89.4137802124,35.3925247192,11.9429721708
271,7,-89.3211517334,35.4373474121,9.7622695607
271,8,-89.282661438,35.4731369019,5.2907031462
271,9,-89.2672271729,35.5275535583,6.210072144
271,10,-89.257019043,35.5370597839,1.4037837831
271,11,-89.1586151123,35.5522422791,9.061758734
271,12,-89.0787200928,35.5805473328,7.8822001262
271,13,-88.9958648682,35.6283454895,9.1847465324
271,14,-88.868812561,35.6617546082,12.0667482204
271,15,-88.8557434082,35.6680335999,1.3716508071
271,16,-88.8308334351,35.6678962708,2.2503149911
271,17,-88.7793197632,35.6680526733,4.6535623707
271,18,-88.7446975708,35.6760025024,3.2499941025
271,19,-88.6474075317,35.7202911377,10.0715715178
271,20,-88.5740814209,35.7406196594,6.9941306842
271,21,-88.4826507568,35.7543869019,8.3920349841
271,22,-88.392616272,35.7857704163,8.8408030339
271,23,-88.3111877441,35.8090629578,7.7872978645
271,24,-88.2180862427,35.8130912781,8.4072387638
271,25,-88.1018753052,35.838973999,10.865285732
271,26,-88.0314331055,35.8726387024,7.369898499
271,27,-87.9983444214,35.8808555603,3.1181225856
271,28,-87.9096298218,35.8874130249,8.0255409988
271,29,-87.810874939,35.8846549988,8.9019543194
271,30,-87.6989974976,35.8857727051,10.07973101
271,31,-87.6393432617,35.9102706909,6.0243885003
271,32,-87.5015335083,35.9874000549,15.0812351081
271,33,-87.4469299316,36.0096435547,5.4997065982
271,34,-87.3885498047,36.0226974487,5.4476557398
271,35,-87.3041687012,36.0293502808,7.6242720407
271,36,-87.2468719482,36.0237426758,5.1901904086
271,37,-87.1753768921,36.0359802246,6.5715841367
271,38,-87.1281280518,36.0731620789,5.927457972
271,39,-87.0980758667,36.0870742798,3.1123785235
271,40,-87.0684051514,36.0887336731,2.6725344735
271,41,-87.0357284546,36.0776176453,3.1859887095
271,42,-86.9937057495,36.0740089417,3.797923103
271,43,-86.9393157959,36.0823745728,4.975713157
271,44,-86.9242477417,36.0902175903,1.6105664501
271,45,-86.9109954834,36.1112594604,2.625266719
271,46,-86.8855056763,36.1402015686,3.9494437893
271,47,-86.8640289307,36.1515274048,2.3032366811
271,48,-86.8348846436,36.1535987854,2.6268148528
272,1,-89.8767623901,35.1526756287,296.5031800787
272,2,-89.886390686,35.1676254272,1.8786945009
272,3,-89.9033432007,35.1807365417,2.1212294363
272,4,-89.9416732788,35.1915016174,3.6832913391
272,5,-90.0052566528,35.1962280273,5.8016253338
273,1,-89.750289917,36.2019233704,114.1735712613
273,2,-89.7506103516,36.1284370422,8.1713574965
273,3,-89.7931900024,36.092956543,5.4950701421
273,4,-89.8561248779,36.0369873047,8.4102318843
273,5,-89.8656082153,35.9984016418,4.3744843295
273,6,-89.8668289185,35.9178504944,8.957552783
273,7,-89.9105072021,35.8895874023,5.0351979893
273,8,-89.9364852905,35.8664970398,3.4742540544
273,9,-90.044921875,35.7102775574,19.9351757218
273,10,-90.1776885986,35.5308303833,23.2844051333
273,11,-90.2427444458,35.4283027649,12.8324987625
273,12,-90.2802810669,35.4058074951,4.2222255012
273,13,-90.2844238281,35.364944458,4.5592567565
273,14,-90.2158355713,35.211479187,18.1646273571
273,15,-90.1460876465,35.1492347717,9.3854523416
274,1,-90.016746521,35.148059845,11.7603913313
274,2,-89.9852600098,35.1486473083,2.8635021234
274,3,-89.8767623901,35.1526756287,9.8744996175
275,1,-90.016746521,35.148059845,12.7374009201
275,2,-90.0170059204,35.1857376099,4.1896426565
275,3,-90.0052566528,35.1962280273,1.5813377752
276,1,-90.1460876465,35.1492347717,13.8260080014
276,2,-90.1079483032,35.1598854065,3.6640419663
276,3,-90.0643081665,35.1495513916,4.1305097584
276,4,-90.0459671021,35.1452026367,1.736286648
276,5,-90.016746521,35.148059845,2.6757232893
277,1,-90.0213241577,35.0767593384,7.939181049
277,2,-89.9590148926,35.0842819214,5.7312531485
277,3,-89.8899307251,35.085899353,6.288591206
277,4,-89.8792724609,35.0891113281,1.0334517929
277,5,-89.8714828491,35.1082000732,2.2377479178
277,6,-89.8767623901,35.1526756287,4.9687074222
278,1,-90.0213241577,35.0767593384,15.6254658298
278,2,-90.0199508667,35.1230735779,5.151423658
278,3,-90.016746521,35.148059845,2.7935841833
279,1,-90.1460876465,35.1492347717,11.7603913313
279,2,-90.0812454224,35.1270866394,6.3898639908
279,3,-90.0688552856,35.1228485107,1.221410775
279,4,-90.0719833374,35.0896911621,3.6978931367
279,5,-90.0607070923,35.0847511292,1.1637989989
279,6,-90.0213241577,35.0767593384,3.6922081793
280,1,-106.6144638062,35.1134109497,1507.8892726411
280,2,-106.5117340088,35.0740432739,10.3207975247
280,3,-106.3878097534,35.0827064514,11.3179553998
280,4,-106.2908477783,35.1068572998,9.2212874188
280,5,-106.2480773926,35.1081352234,3.8932334911
280,6,-106.0270767212,35.0073623657,23.026174145
280,7,-105.6656188965,35.015827179,32.9323550118
280,8,-104.9794158936,34.9788856506,62.6399025255
280,9,-104.7612838745,34.9730262756,19.885184269
280,10,-104.67943573,34.9404945374,8.2899819194
280,11,-104.6224212646,34.9461097717,5.2341648041
280,12,-104.4936218262,35.0075950623,13.5814113492
280,13,-104.4276199341,35.0118637085,6.029814449
280,14,-104.3961334229,35.0215415955,3.0626674513
280,15,-104.3693008423,35.0377616882,3.0367820598
280,16,-104.2809829712,35.0569763184,8.3188741093
280,17,-104.1575469971,35.0614967346,11.2463261485
280,18,-103.9365386963,35.1208305359,21.1629016511
280,19,-103.8604812622,35.1134376526,6.9664731826
280,20,-103.7777023315,35.1470718384,8.4057805242
280,21,-103.7157211304,35.1802215576,6.7329248865
280,22,-103.7074508667,35.185760498,0.9717291631
280,23,-103.6113433838,35.182308197,8.7427010614
280,24,-103.5466308594,35.1811447144,5.882678404
280,25,-103.4952316284,35.1828422546,4.6751029947
280,26,-103.4677963257,35.1569976807,3.8049282291
280,27,-103.3476257324,35.1212692261,11.6269576102
280,28,-103.3209609985,35.1163444519,2.4862959195
280,29,-103.2985534668,35.1148033142,2.0453071271
280,30,-103.196434021,35.1398239136,9.694887884
280,31,-103.0964889526,35.1794204712,10.0963769535
280,32,-103.025642395,35.1749458313,6.4582884737
280,33,-102.9957351685,35.1782951355,2.7436178877
280,34,-102.8160934448,35.2436332703,17.8645370298
280,35,-102.7690200806,35.2461929321,4.2842954688
280,36,-102.7336730957,35.2629699707,3.7123291746
280,37,-102.6516799927,35.2658500671,7.4510600083
280,38,-102.5450363159,35.2635955811,9.685413536
280,39,-102.4146194458,35.233707428,12.3003623646
280,40,-102.3019180298,35.215007782,10.4462766151
280,41,-102.06199646,35.1912765503,21.9581262312
280,42,-101.8718414307,35.1935386658,17.2813790541
280,43,-101.834197998,35.1905975342,3.4363031897
281,1,-90.1460876465,35.1492347717,1061.7997084645
281,2,-90.1895370483,35.1662406921,4.3792724455
281,3,-90.3555450439,35.1683502197,15.0917718786
281,4,-90.4965820313,35.1531829834,12.931588902
281,5,-90.5755691528,35.131603241,7.57229307
281,6,-90.780380249,35.0473327637,20.8582111887
281,7,-90.8722763062,34.9968452454,10.0768199014
281,8,-91.1933822632,34.9040489197,31.0315603348
281,9,-91.3652191162,34.8464851379,16.9321281928
281,10,-91.4546890259,34.8400306702,8.1964781893
281,11,-91.5504989624,34.819770813,9.0305126539
281,12,-91.5880355835,34.8204689026,3.4274221664
281,13,-91.6664810181,34.8217735291,7.1622998853
281,14,-91.7064056396,34.8078536987,3.9598052505
281,15,-91.8125305176,34.798992157,9.7395806564
281,16,-91.8884658813,34.8043785095,6.959157252
281,17,-92.0242996216,34.8032684326,12.4026943949
281,18,-92.2276535034,34.7823944092,18.7138714882
281,19,-92.262550354,34.7783355713,3.2189042661
282,1,-95.1720504761,35.4835281372,275.9505774788
282,2,-95.0493469238,35.4920845032,11.1501534151
282,3,-94.9833526611,35.4892997742,5.9828751001
282,4,-94.9482421875,35.4814414978,3.2968762704
282,5,-94.9118499756,35.4589729309,4.1356054686
282,6,-94.7989349365,35.4481430054,10.2982492777
282,7,-94.7774887085,35.4476509094,1.943459802
282,8,-94.7465591431,35.4617347717,3.2094998816
282,9,-94.7220687866,35.4560966492,2.3050308184
282,10,-94.6870651245,35.4308891296,4.2321928089
282,11,-94.6328887939,35.3975257874,6.1535985136
282,12,-94.5781097412,35.3891143799,5.0527992742
282,13,-94.5186691284,35.398639679,5.4911097066
282,14,-94.462387085,35.4578437805,8.3272712664
282,15,-94.4389953613,35.4648208618,2.2561505726
282,16,-94.3383331299,35.4778022766,9.2293313484
282,17,-94.3031158447,35.4842376709,3.2681197571
282,18,-94.229637146,35.5031051636,6.9752074013
282,19,-94.0855178833,35.5311737061,13.4118920073
282,20,-93.8590774536,35.5305252075,20.4908834046
282,21,-93.6105194092,35.4926643372,22.8880997217
282,22,-93.5593566895,35.4780578613,4.9088508949
282,23,-93.5324172974,35.4612579346,3.0726916745
282,24,-93.5161209106,35.4518241882,1.8108155095
282,25,-93.416229248,35.4424629211,9.1083655271
282,26,-93.3783416748,35.4205360413,4.2104800072
282,27,-93.3268356323,35.3709144592,7.2277941124
282,28,-93.2711029053,35.3504524231,5.5425156123
282,29,-93.177734375,35.3343086243,8.6569494652
282,30,-93.1472396851,35.311164856,3.7784873446
282,31,-93.1290359497,35.3080940247,1.6867232104
282,32,-93.0651168823,35.2900733948,6.1370884205
282,33,-93.0057678223,35.2605285645,6.3102230544
282,34,-92.8606796265,35.2538642883,13.1945910174
282,35,-92.7566604614,35.1822547913,12.3568976237
282,36,-92.7192153931,35.1760101318,3.4733372905
282,37,-92.5613250732,35.1652755737,14.4010223037
282,38,-92.4821472168,35.1277694702,8.319787949
282,39,-92.4246292114,35.1105728149,5.5699341878
282,40,-92.4142532349,35.0890274048,2.574996759
282,41,-92.4060440063,35.0179481506,7.9388984725
282,42,-92.4115371704,34.9387931824,8.8158486006
282,43,-92.4003753662,34.9099960327,3.3599062981
282,44,-92.3442077637,34.8768424988,6.3112988026
282,45,-92.3479309082,34.8467102051,3.3677342399
282,46,-92.3339996338,34.8184280396,3.3921618652
282,47,-92.262550354,34.7783355713,7.9017046812
283,1,-79.8467025757,34.198638916,1139.0262882874
283,2,-79.9261245728,34.2073516846,7.3679290478
283,3,-80.0216674805,34.2051010132,8.7897244435
283,4,-80.1849136353,34.1790504456,15.2915624492
283,5,-80.216003418,34.1785430908,2.8605143899
283,6,-80.2821350098,34.192489624,6.2775448259
283,7,-80.4211044312,34.2152481079,13.0281769024
283,8,-80.4811172485,34.2181930542,5.5278215128
283,9,-80.5977249146,34.2094726563,10.7660719571
283,10,-80.6665039063,34.1972808838,6.4688029975
283,11,-80.6897277832,34.1857833862,2.4894120208
283,12,-80.7835006714,34.122467041,11.1365501573
283,13,-80.8790283203,34.0813331604,9.9137896955
283,14,-80.9050140381,34.0738601685,2.5334488354
283,15,-80.9355316162,34.0754356384,2.8162353011
284,1,-117.5279388428,34.0771942139,3351.7632877955
284,2,-117.3638076782,34.0800971985,15.1198158039
284,3,-117.2828063965,34.071685791,7.5188073854
285,1,-118.1995315552,34.0408248901,84.5214975847
285,2,-118.1538696289,34.0644721985,4.9609057404
285,3,-118.0601425171,34.0630950928,8.6350767887
285,4,-117.9732513428,34.0761299133,8.1336554902
285,5,-117.8951187134,34.0817604065,7.2231224561
285,6,-117.8079376221,34.0733184814,8.0841094813
285,7,-117.799659729,34.0770149231,0.8661558268
286,1,-118.463142395,34.2927856445,65.5761167871
286,2,-118.4144515991,34.2456703186,6.8895640007
286,3,-118.3983001709,34.2435913086,1.5025050911
286,4,-118.3123474121,34.1896018982,9.9248140791
286,5,-118.2964630127,34.1693305969,2.6862455142
286,6,-118.2890090942,34.1553230286,1.7018747499
286,7,-118.2572784424,34.1156730652,5.2883800521
286,8,-118.2125015259,34.0906944275,4.9710550395
286,9,-118.1995315552,34.0408248901,5.6724780488
287,1,-118.4100112915,34.0311813354,19.4244162337
287,2,-118.2643280029,34.0374107361,13.4422136881
287,3,-118.2188262939,34.0342597961,4.2074079775
287,4,-118.1995315552,34.0408248901,1.9219304626
288,1,-95.9575424194,35.4266929626,2034.0352748393
288,2,-95.9595336914,35.3890571594,4.1887997511
288,3,-95.9528656006,35.3656616211,2.6707873088
288,4,-95.9516143799,35.3574333191,0.9219538227
288,5,-95.9524002075,35.3424758911,1.6647164228
288,6,-95.9550018311,35.3252944946,1.9250052681
288,7,-95.9541549683,35.3093643188,1.7730204297
288,8,-95.9492416382,35.2955665588,1.5977164324
288,9,-95.9373550415,35.2751693726,2.5116040572
288,10,-95.9315338135,35.2681503296,0.9425633987
288,11,-95.9204864502,35.2532310486,1.9386069236
288,12,-95.9150772095,35.2385025024,1.7098207027
288,13,-95.9114151001,35.212020874,2.9633520391
288,14,-95.9050445557,35.1731796265,4.3575734321
288,15,-95.898979187,35.160243988,1.5404235537
288,16,-95.890083313,35.1476707458,1.6151530699
288,17,-95.8829727173,35.1333274841,1.7209698807
288,18,-95.8771133423,35.1167640686,1.9173100039
288,19,-95.8737945557,35.0948371887,2.4567780441
288,20,-95.8702011108,35.0569915771,4.2209261377
288,21,-95.866104126,35.0286750793,3.1706650793
288,22,-95.8615722656,35.0189704895,1.1553151872
288,23,-95.8577194214,35.0070152283,1.3748921295
288,24,-95.8409805298,34.9841575623,2.9639316137
288,25,-95.8265686035,34.9600143433,2.988561597
288,26,-95.8220901489,34.9493980408,1.2490458551
288,27,-95.8190536499,34.932926178,1.8523822964
288,28,-95.8169250488,34.9205818176,1.3862800486
288,29,-95.8150558472,34.9136962891,0.7843751959
288,30,-95.8104782104,34.9048919678,1.0642701171
288,31,-95.8015060425,34.894569397,1.4096076062
288,32,-95.7956924438,34.8880004883,0.9025955476
288,33,-95.7925872803,34.8833465576,0.5899311959
288,34,-95.7903060913,34.873714447,1.0910694744
288,35,-95.7919921875,34.863319397,1.1660675276
288,36,-95.7892608643,34.8518638611,1.2979479037
288,37,-95.7783660889,34.8460159302,1.187957284
288,38,-95.765335083,34.83826828,1.4684785774
288,39,-95.7584381104,34.831199646,1.0069935997
288,40,-95.7552185059,34.8183555603,1.4581207666
288,41,-95.7532577515,34.78282547,3.9548201289
288,42,-95.7550430298,34.7606124878,2.4753477918
288,43,-95.7585754395,34.7371063232,2.6336158463
288,44,-95.7634353638,34.7200050354,1.9527535771
288,45,-95.7646636963,34.707775116,1.3645317313
288,46,-95.7638473511,34.7022857666,0.6149325527
288,47,-95.7592468262,34.6943893433,0.9735738125
288,48,-95.746925354,34.6843948364,1.5824639077
288,49,-95.7302398682,34.6724205017,2.0250391895
288,50,-95.7252120972,34.66223526,1.2223296233
288,51,-95.7253570557,34.6495094299,1.4151098598
288,52,-95.7303543091,34.6401443481,1.1372730914
288,53,-95.7360229492,34.6285324097,1.3914536103
288,54,-95.7380218506,34.6226882935,0.6750847306
288,55,-95.7323913574,34.6133956909,1.1546255216
288,56,-95.7264480591,34.5995292664,1.6350082016
288,57,-95.7267684937,34.5836334229,1.7677805151
288,58,-95.7289199829,34.5750694275,0.972430669
288,59,-95.7328109741,34.5652084351,1.1529180914
288,60,-95.7355728149,34.5557632446,1.0802789228
288,61,-95.745262146,34.5420227051,1.7668853931
288,62,-95.7509231567,34.5303993225,1.3926024683
288,63,-95.7525863647,34.5204582214,1.1158517245
288,64,-95.7517242432,34.5158805847,0.5151019551
288,65,-95.7409820557,34.5082092285,1.3024586702
288,66,-95.7301940918,34.501449585,1.2418395809
288,67,-95.7158813477,34.4877357483,2.0114340252
288,68,-95.7086639404,34.4770126343,1.3635757377
288,69,-95.7063827515,34.467830658,1.0421840842
288,70,-95.7033615112,34.4518051147,1.8033593358
288,71,-95.703666687,34.4363517761,1.718560719
288,72,-95.705581665,34.4218673706,1.6201406052
288,73,-95.7083816528,34.4015007019,2.2791901186
288,74,-95.7123718262,34.3798217773,2.4382330255
288,75,-95.716835022,34.3595199585,2.29432493
288,76,-95.7242965698,34.3252296448,3.8739613699
288,77,-95.7263336182,34.3084716797,1.8727684462
288,78,-95.7267532349,34.2907524109,1.9706697906
288,79,-95.7254104614,34.2847824097,0.6751989677
288,80,-95.7170028687,34.2758369446,1.2594213616
288,81,-95.702911377,34.2689476013,1.5044801043
288,82,-95.6849136353,34.2623634338,1.8087096698
288,83,-95.6659393311,34.2534713745,2.0046234059
288,84,-95.6510238647,34.2415390015,1.9078731979
288,85,-95.6506729126,34.2378883362,0.4072153747
288,86,-95.6409454346,34.2129516602,2.9134924541
288,87,-95.6386566162,34.2042236328,0.9930729305
288,88,-95.6317214966,34.1989593506,0.8656937916
288,89,-95.619720459,34.1948699951,1.1937387375
288,90,-95.6077728271,34.1898727417,1.23139182
288,91,-95.5996551514,34.1859283447,0.8659552548
288,92,-95.5893325806,34.1718826294,1.8278266692
288,93,-95.580329895,34.1542510986,2.128334673
288,94,-95.5726470947,34.1330299377,2.4633345516
288,95,-95.5712051392,34.1193237305,1.5298293772
288,96,-95.5702667236,34.1065444946,1.4236099929
288,97,-95.5685424805,34.0978355408,0.9813184996
288,98,-95.5575561523,34.0860443115,1.656059797
288,99,-95.547416687,34.078830719,1.2310010814
288,100,-95.5387039185,34.0662078857,1.6168124164
288,101,-95.5345001221,34.0523910522,1.5844160432
288,102,-95.530960083,34.036781311,1.766103721
288,103,-95.5308227539,34.029499054,0.8098489194
288,104,-95.5309448242,34.0176696777,1.3154147312
288,105,-95.5293807983,34.00623703,1.279400081
288,106,-95.5211257935,33.9954452515,1.4209385245
288,107,-95.5093994141,33.9872550964,1.4135651254
288,108,-95.512336731,33.9650764465,2.4809822795
288,109,-95.5133056641,33.9482727051,1.870626693
288,110,-95.5097198486,33.9335708618,1.6679012145
288,111,-95.5030822754,33.9237556458,1.2514744842
288,112,-95.4936828613,33.9138336182,1.4033716614
288,113,-95.4850234985,33.9103050232,0.8902176698
288,114,-95.4812850952,33.9078826904,0.4376867104
288,115,-95.4798126221,33.9046440125,0.3849098241
288,116,-95.4853897095,33.8943939209,1.2505980866
289,1,-118.1995315552,34.0408248901,2090.4320732277
289,2,-118.183265686,34.028263092,2.0488144469
289,3,-118.1597976685,34.0157737732,2.570305364
289,4,-118.1036376953,33.9631347656,7.8146525811
289,5,-118.0817260742,33.9401550293,3.2578999687
289,6,-117.9896087646,33.8796005249,10.8444380877
289,7,-117.9471817017,33.8476753235,5.2865801945
289,8,-117.934928894,33.8404998779,1.3845939445
289,9,-117.8684997559,33.7832717896,8.8408160058
289,10,-117.8267211914,33.7508392334,5.2839144085
289,11,-117.7777709961,33.7157096863,5.9790101481
289,12,-117.733581543,33.6536941528,8.0168144975
290,1,-101.834197998,35.1905975342,1466.7391501566
290,2,-101.8939743042,35.1323471069,8.4546885154
290,3,-101.910697937,35.103477478,3.5522945791
290,4,-101.9229812622,35.0538101196,5.6347351008
290,5,-101.9220657349,34.9921150208,6.8606885368
290,6,-101.9010009766,34.8933753967,11.1459661206
290,7,-101.8272628784,34.716468811,20.7913090756
290,8,-101.7774124146,34.5855865479,15.2510894579
290,9,-101.7707138062,34.5433387756,4.7376125047
290,10,-101.7774353027,34.5138015747,3.3416059255
290,11,-101.7482147217,34.3806495667,15.0463239964
290,12,-101.7223205566,34.3178672791,7.3747128498
290,13,-101.7074584961,34.2744560242,5.016466876
290,14,-101.7114181519,34.2525863647,2.4588694822
290,15,-101.7443389893,34.2147293091,5.1845206269
290,16,-101.7542953491,34.1882171631,3.0869401754
290,17,-101.7685241699,34.1235466003,7.3092556719
290,18,-101.8230667114,34.0885238647,6.3548015152
290,19,-101.8471069336,34.0495071411,4.8708882449
290,20,-101.8427963257,33.6271934509,46.9608274449
290,21,-101.8371963501,33.5999908447,3.0689215162
291,1,-117.2828063965,34.071685791,1426.2055331708
291,2,-117.2744216919,34.053527832,2.1617617432
291,3,-117.2799301147,34.0435142517,1.2236627128
291,4,-117.3501358032,33.9996833801,8.1004789488
291,5,-117.2923355103,33.9512062073,7.5804908408
291,6,-117.2768249512,33.9489707947,1.4521094481
291,7,-117.2767486572,33.9276046753,2.3758145035
291,8,-117.2154922485,33.7940673828,15.8894587517
291,9,-117.1784057617,33.7632102966,4.8499359769
291,10,-117.1794815063,33.7527503967,1.1673317139
291,11,-117.177192688,33.7168312073,3.9996355734
291,12,-117.1611251831,33.6854782104,3.7899265161
291,13,-117.1740264893,33.5344619751,16.8346871881
292,1,-117.5279388428,34.0771942139,68.6386354191
292,2,-117.5372848511,33.987449646,10.0162352
292,3,-117.5449523926,33.8934631348,10.4747322321
292,4,-117.5326690674,33.8762435913,2.2252712634
292,5,-117.5252380371,33.8412704468,3.9489073663
292,6,-117.4717178345,33.7673873901,9.5888992656
292,7,-117.4351425171,33.7466125488,4.0950662976
292,8,-117.3975830078,33.7444763184,3.480866823
292,9,-117.3600006104,33.736869812,3.5765164535
292,10,-117.330581665,33.7010307312,4.8254132223
292,11,-117.3034133911,33.6679115295,4.4588344735
292,12,-117.1740264893,33.5344619751,19.0732942799
293,1,-87.030128479,33.3488845825,2787.0367620008
293,2,-86.9404525757,33.3510398865,8.3329274632
293,3,-86.8573455811,33.386505127,8.6668308032
293,4,-86.8123016357,33.4168815613,5.3752099682
294,1,-87.030128479,33.3488845825,21.5921093497
294,2,-87.0345001221,33.3671836853,2.0748807054
294,3,-86.9947433472,33.4241333008,7.3295944515
294,4,-86.9179458618,33.5002861023,11.0659857909
294,5,-86.8529815674,33.5320472717,6.9817381164
294,6,-86.8350601196,33.5407333374,1.921441361
294,7,-86.81615448,33.545753479,1.8389005901
295,1,-97.4738693237,35.4733810425,999.2416256015
295,2,-97.4927978516,35.3956947327,8.8069034636
295,3,-97.4939956665,35.3248901367,7.8738611098
295,4,-97.4844970703,35.2706489563,6.0926347316
295,5,-97.4733505249,35.2159194946,6.1692518795
295,6,-97.4738845825,35.1655235291,5.603985843
295,7,-97.4515380859,35.1436958313,3.1651718327
295,8,-97.4149780273,35.1270027161,3.8076557633
295,9,-97.4132080078,35.09608078,3.4421298735
295,10,-97.3712463379,35.041103363,7.2080019575
295,11,-97.371383667,35.0043144226,4.0907626457
295,12,-97.3683242798,34.9624595642,4.6623865323
295,13,-97.2669143677,34.7843284607,21.8612336749
295,14,-97.2587280273,34.7468795776,4.2307362379
295,15,-97.2550048828,34.7099876404,4.1162825089
295,16,-97.1599502563,34.5114021301,23.7334278835
295,17,-97.1269073486,34.4546852112,6.9961549986
295,18,-97.1089477539,34.4278793335,3.4054203332
295,19,-97.1249084473,34.4032745361,3.103044066
295,20,-97.143157959,34.3769035339,3.3767838957
295,21,-97.1450958252,34.1728286743,22.6927876453
295,22,-97.1456756592,34.0209655762,16.8864904623
295,23,-97.1340789795,33.9442749023,8.5943880455
295,24,-97.1262207031,33.8417434692,11.424024271
295,25,-97.1143188477,33.8196105957,2.6954419391
295,26,-97.1221847534,33.7561225891,7.0968712232
295,27,-97.1401672363,33.7329139709,3.0699215402
295,28,-97.1417694092,33.7278785706,0.5791827005
295,29,-97.149520874,33.7035751343,2.7959048832
295,30,-97.1435775757,33.6697616577,3.799886099
295,31,-97.1487121582,33.6498680115,2.2625420684
295,32,-97.162689209,33.5382804871,12.475320146
295,33,-97.1570968628,33.4949111938,4.8502334116
295,34,-97.180229187,33.3566703796,15.5208574023
295,35,-97.1669464111,33.2370796204,13.3550658783
295,36,-97.1538619995,33.219455719,2.306847592
296,1,-97.1538619995,33.219455719,9.49352979660034E-005
296,2,-97.229637146,33.1088562012,14.1771805135
296,3,-97.2692337036,33.0255699158,9.9689994709
296,4,-97.301940918,32.9493865967,9.0037327532
296,5,-97.3070220947,32.9126205444,4.1156106984
297,1,-92.262550354,34.7783355713,509.8852780202
297,2,-92.2556991577,34.7589607239,2.2434358897
297,3,-92.264503479,34.7392158508,2.3382486083
297,4,-92.2704544067,34.7336196899,0.8263862439
297,5,-92.264793396,34.7160339355,2.0227302187
297,6,-92.2864608765,34.7118835449,2.0335292798
297,7,-92.3130264282,34.6889839172,3.5187608543
297,8,-92.3580780029,34.6824417114,4.1829885605
297,9,-92.3927993774,34.6688613892,3.5159003946
297,10,-92.5955810547,34.5809516907,20.9721577849
297,11,-92.6299514771,34.5609474182,3.8537380077
297,12,-92.6664657593,34.5526885986,3.4676497007
297,13,-92.7576980591,34.4524497986,13.9329234431
297,14,-92.8356704712,34.3984146118,9.3406494895
297,15,-92.8575973511,34.3900566101,2.216178505
297,16,-92.8995742798,34.3565597534,5.3586706654
297,17,-93.0654754639,34.1974372864,23.3544032467
297,18,-93.0749206543,34.1853218079,1.602995889
297,19,-93.0852050781,34.1190605164,7.4284482944
297,20,-93.1141662598,34.0613059998,6.9537602635
297,21,-93.1536254883,34.0154914856,6.2587574779
297,22,-93.3935470581,33.8447799683,29.1598345745
297,23,-93.4319915771,33.8170852661,4.7003458156
297,24,-93.5205841064,33.7435150146,11.5743364431
297,25,-93.615196228,33.692817688,10.409249599
297,26,-93.6948242188,33.6536102295,8.5617230248
297,27,-93.773223877,33.6334266663,7.5965404589
297,28,-93.7848739624,33.6037826538,3.4682957116
297,29,-93.7969589233,33.5829086304,2.5768959021
297,30,-93.8458175659,33.5587272644,5.2650235885
297,31,-93.8821182251,33.5568656921,3.3700518082
297,32,-93.9207000732,33.5489692688,3.6815096082
297,33,-93.9561157227,33.5114860535,5.3054746038
297,34,-93.9976882935,33.4877738953,4.6702691487
297,35,-94.0345230103,33.4767723083,3.6285866249
297,36,-94.0776748657,33.460319519,4.4009360894
297,37,-94.1687164307,33.481388092,8.7635065565
297,38,-94.2305603027,33.487701416,5.7782297147
297,39,-94.4061889648,33.483631134,16.2939508471
297,40,-94.4323272705,33.4725990295,2.7169563234
297,41,-94.4643096924,33.4490814209,3.9548418252
297,42,-94.4821929932,33.4376411438,2.0908117508
297,43,-94.6559295654,33.3296661377,20.1088099621
297,44,-94.6985931396,33.3088607788,4.5898484578
297,45,-94.7354812622,33.3000831604,3.5643518127
297,46,-94.7864227295,33.2864608765,4.9711329687
297,47,-94.8866043091,33.2253608704,11.529699991
297,48,-94.9800643921,33.1898498535,9.5497244853
297,49,-94.9960021973,33.1809806824,1.7811168281
297,50,-95.0198822021,33.1678962708,2.6564015796
297,51,-95.0464706421,33.1553764343,2.8396426058
297,52,-95.2213287354,33.1587181091,16.2817024676
297,53,-95.4330291748,33.1514205933,19.724241167
297,54,-95.5424575806,33.1470794678,10.1989773735
297,55,-95.5909576416,33.1234474182,5.2248573087
297,56,-95.6268310547,33.1193580627,3.371600644
297,57,-95.9274749756,33.1272735596,28.0113930279
297,58,-96.0289459229,33.137676239,9.5190736546
297,59,-96.0592422485,33.1350822449,2.8356442277
297,60,-96.082321167,33.1231193542,2.5274606357
297,61,-96.1022415161,33.1083145142,2.4803232095
297,62,-96.2341003418,32.9988517761,17.296623551
297,63,-96.3331832886,32.9633560181,10.0495700803
297,64,-96.3919296265,32.9228630066,7.094053176
297,65,-96.4400787354,32.9102516174,4.7081225154
297,66,-96.6236038208,32.8247184753,19.6023325988
298,1,-96.7925033569,32.7803955078,16.5374978255
298,2,-96.7560043335,32.7921218872,3.6526352161
298,3,-96.7459487915,32.7977561951,1.1295775103
298,4,-96.6726303101,32.8015594482,6.865902439
298,5,-96.6236038208,32.8247184753,5.2557749539
299,1,-97.1538619995,33.219455719,66.1105003477
299,2,-97.1287536621,33.2006149292,3.137754944
299,3,-97.0405731201,33.1382713318,10.7433776254
299,4,-97.0082931519,33.0641174316,8.7766722165
299,5,-96.9846954346,33.0366287231,3.7656419171
299,6,-96.9281158447,32.9850234985,7.7949182252
299,7,-96.8974227905,32.944568634,5.3324226015
299,8,-96.8825836182,32.8908691406,6.1296617591
299,9,-96.8791275024,32.8675422668,2.6138319958
299,10,-96.8724594116,32.8427581787,2.8253748408
299,11,-96.813621521,32.7983016968,7.3936347695
299,12,-96.7925033569,32.7803955078,2.8038171214
300,1,-117.1740264893,33.5344619751,1896.1045920991
300,2,-117.162437439,33.5212898254,1.8163860344
300,3,-117.1254806519,33.483127594,5.4542675703
300,4,-117.1309280396,33.448551178,3.8777851668
300,5,-117.1632919312,33.405292511,5.6708127111
300,6,-117.1615829468,33.3748130798,3.3928700498
300,7,-117.141746521,33.3448104858,3.8110120687
300,8,-117.1400222778,33.3043174744,4.5054665062
300,9,-117.1547470093,33.2501525879,6.1764524527
300,10,-117.1206359863,33.192401886,7.1627519941
300,11,-117.0909881592,33.1596641541,4.5678584591
300,12,-117.0750579834,33.1237220764,4.2629198465
300,13,-117.0656890869,33.059551239,7.188652706
300,14,-117.1104049683,32.9357032776,14.3888056617
300,15,-117.1146469116,32.8473739624,9.8297544551
300,16,-117.1156921387,32.8164100647,3.4444130663
300,17,-117.1014556885,32.7754440308,4.7456016992
301,1,-117.2001419067,32.7589187622,9.4084663926
301,2,-117.1505203247,32.7644615173,4.6807193433
301,3,-117.1194458008,32.7717857361,3.017459308
301,4,-117.1014556885,32.7754440308,1.7304671091
302,1,-96.7925033569,32.7803955078,1895.7449891219
302,2,-96.8140029907,32.7750778198,2.095173208
302,3,-97.0495376587,32.7663955688,22.0430481756
302,4,-97.2075195313,32.7580795288,14.8012315612
302,5,-97.2993927002,32.7516441345,8.6211915928
302,6,-97.3179702759,32.7507133484,1.7404184878
303,1,-97.3070220947,32.9126205444,18.0322961203
303,2,-97.3087005615,32.8470687866,7.2907079357
303,3,-97.3112945557,32.8029441833,4.9124154124
303,4,-97.3205795288,32.770362854,3.7254012569
303,5,-97.3179702759,32.7507133484,2.1985058938
304,1,-97.4325714111,32.7492599487,10.7186341633
304,2,-97.3915023804,32.7373924255,4.0613919769
304,3,-97.3490524292,32.7509880066,4.2482334291
304,4,-97.3435897827,32.7513160706,0.5121568925
304,5,-97.3332290649,32.7510757446,0.9692822149
304,6,-97.3179702759,32.7507133484,1.4275453583
305,1,-96.7925033569,32.7803955078,49.2433805063
305,2,-96.8099975586,32.7526397705,3.4929758843
305,3,-96.8157806396,32.7309303284,2.4738328775
305,4,-96.8116455078,32.698009491,3.6810161785
305,5,-96.813659668,32.6479377747,5.5709116862
306,1,-88.7985076904,32.3484649658,752.2411513171
306,2,-88.7931137085,32.3447875977,0.6511229999
307,1,-87.030128479,33.3488845825,198.9664029795
307,2,-87.1014862061,33.2781066895,10.2910856036
307,3,-87.1438751221,33.2562255859,4.6315579239
307,4,-87.243637085,33.2036132813,10.9693334569
307,5,-87.279548645,33.1947555542,3.4835248099
307,6,-87.3771514893,33.1956977844,9.0824528554
307,7,-87.4020767212,33.1865959167,2.5305761939
307,8,-87.4209365845,33.1782913208,1.9832460995
307,9,-87.4789199829,33.183883667,5.4318806581
307,10,-87.4887466431,33.185874939,0.9408933364
307,11,-87.5485839844,33.1832695007,5.5760144277
307,12,-87.5938949585,33.1690139771,4.5051383675
307,13,-87.6184082031,33.1525764465,2.9236090811
307,14,-87.7183914185,33.0458374023,15.0867856559
307,15,-87.7997741699,32.9796905518,10.5679484383
307,16,-87.8629989624,32.935546875,7.6740537317
307,17,-87.9210281372,32.8767166138,8.4935364651
307,18,-88.0537796021,32.7855796814,16.0169880175
307,19,-88.0910339355,32.7459716797,5.6152468592
307,20,-88.164894104,32.6990394592,8.6588080048
307,21,-88.2507400513,32.5770301819,15.7693702071
307,22,-88.3851547241,32.4595222473,18.1538505786
307,23,-88.4093170166,32.4489135742,2.5556467135
307,24,-88.4348907471,32.4376754761,2.7056916395
307,25,-88.4737930298,32.40883255,4.8599139121
307,26,-88.5384750366,32.4030227661,6.1065379064
307,27,-88.6190261841,32.3849945068,7.8242104295
307,28,-88.667175293,32.3479919434,6.1138345764
307,29,-88.6835403442,32.3431396484,1.6292897388
307,30,-88.7415771484,32.3439979553,5.4530225766
307,31,-88.7660369873,32.3391456604,2.3603904413
307,32,-88.7931137085,32.3447875977,2.619949872
308,1,-90.0213241577,35.0767593384,324.3203352297
308,2,-90.020614624,35.0549697876,2.4237479109
308,3,-90.0014572144,35.0441589355,2.1180839861
308,4,-89.9905014038,35.0002441406,4.9839728022
308,5,-89.9733123779,34.9312438965,7.8307269396
308,6,-89.9702148438,34.8772315979,6.0125325108
308,7,-89.954788208,34.8232574463,6.1645334781
308,8,-89.9400787354,34.6229667664,22.3118438852
308,9,-89.8866271973,34.4319038391,21.8022131382
308,10,-89.9055175781,34.3159751892,13.006740326
308,11,-89.9148788452,34.1950645447,13.472150613
308,12,-89.9107131958,34.1423606873,5.8729194788
308,13,-89.8915481567,34.0833396912,6.7958681028
308,14,-89.8709869385,33.95885849,13.9707881636
308,15,-89.8379058838,33.8621253967,11.1810519256
308,16,-89.8360595703,33.819393158,4.7546668931
308,17,-89.837059021,33.7952919006,2.681527992
308,18,-89.8289260864,33.7002792358,10.5916522961
308,19,-89.7850799561,33.6335449219,8.4574946183
308,20,-89.7735748291,33.4957580566,15.3582401633
308,21,-89.7749710083,33.4229736328,8.0942949831
308,22,-89.7932510376,33.3119163513,12.4651414876
308,23,-89.8155441284,33.2554359436,6.6133830456
308,24,-89.8905944824,33.1186790466,16.7337769887
308,25,-89.9068832397,33.0908622742,3.4451581081
308,26,-89.9429550171,33.0775260925,3.6733220214
308,27,-89.9560241699,33.0651855469,1.8346552323
308,28,-89.9734115601,32.9517707825,12.7149397908
308,29,-90.0074920654,32.8956260681,7.0066832564
308,30,-90.0148239136,32.763092041,14.753025332
308,31,-90.0388031006,32.6800956726,9.4974929801
308,32,-90.0676956177,32.6066246033,8.6058605903
308,33,-90.136390686,32.4846343994,15.0153819009
308,34,-90.1364974976,32.4299583435,6.0797082847
308,35,-90.1319580078,32.405380249,2.765977923
308,36,-90.1423568726,32.348361969,6.414909472
308,37,-90.1670837402,32.3208770752,3.8389214948
308,38,-90.1667633057,32.2826004028,4.2562783267
308,39,-90.2143630981,32.2704582214,4.6742473503
309,1,-96.6236038208,32.8247184753,603.8034557643
309,2,-96.6172485352,32.7944602966,3.4165781132
309,3,-96.5139160156,32.7854156494,9.7114629352
309,4,-96.4744644165,32.7756729126,3.844033317
309,5,-96.441116333,32.7473258972,4.4338571267
309,6,-96.3286056519,32.7437286377,10.5300446584
309,7,-96.3081283569,32.7262306213,2.7302484805
309,8,-96.2738571167,32.7127799988,3.5378150803
309,9,-96.2251205444,32.6943893433,4.9977066187
309,10,-96.0381240845,32.6512184143,18.149257624
309,11,-95.9797897339,32.6295166016,5.9714012125
309,12,-95.9317245483,32.5990142822,5.6365215018
309,13,-95.8537368774,32.5787849426,7.6449271698
309,14,-95.6466522217,32.5027236938,21.1742292367
309,15,-95.5573043823,32.494682312,8.4268104594
309,16,-95.4432983398,32.470489502,11.0268281286
309,17,-95.3872680664,32.4700126648,5.2565714055
309,18,-95.2325439453,32.4467391968,14.7457347008
309,19,-95.1830825806,32.4460029602,4.6420146421
309,20,-95.1203765869,32.439666748,5.9263854945
309,21,-95.0169143677,32.4420318604,9.7127118591
309,22,-94.9197540283,32.4299278259,9.2170558494
309,23,-94.8365783691,32.4293556213,7.8066394776
309,24,-94.7554397583,32.4311180115,7.6176656407
309,25,-94.7119216919,32.4391136169,4.1797540172
309,26,-94.5671234131,32.4729270935,14.0966142005
309,27,-94.4024734497,32.4917755127,15.5856019703
309,28,-94.3536376953,32.4971084595,4.6183699889
309,29,-94.2080841064,32.4993438721,13.6526703778
309,30,-94.0371170044,32.4553184509,16.7679951936
309,31,-94.0112915039,32.4558639526,2.423891636
309,32,-93.962272644,32.4653396606,4.7181962999
309,33,-93.9416656494,32.4458465576,2.9045838856
309,34,-93.9270782471,32.4280967712,2.4019856119
309,35,-93.8641357422,32.440196991,6.0584146656
309,36,-93.770690918,32.4820671082,9.9266481513
309,37,-93.7375488281,32.5033760071,3.90846009
309,38,-93.7049789429,32.5150794983,3.3198189757
309,39,-93.6617660522,32.5317192078,4.4539842124
309,40,-93.6287460327,32.5456924438,3.463395012
309,41,-93.5765304565,32.5466690063,4.8955095127
309,42,-93.4915924072,32.5679321289,8.304182606
309,43,-93.3972625732,32.5985641479,9.4717630506
309,44,-93.3520355225,32.5868873596,4.4315298717
309,45,-93.3317184448,32.5834732056,1.9410336745
309,46,-93.2941360474,32.5947647095,3.7381752419
309,47,-93.1544647217,32.5656166077,13.4821831982
309,48,-92.9391784668,32.5723495483,20.188110759
309,49,-92.8072891235,32.5557746887,12.4965326234
309,50,-92.638381958,32.5509872437,15.8397950423
309,51,-92.6166381836,32.5515823364,2.0390600086
309,52,-92.507598877,32.5463256836,10.2369296079
309,53,-92.4123077393,32.5296897888,9.1222298635
309,54,-92.3322296143,32.5266838074,7.5148770395
309,55,-92.2965164185,32.5166435242,3.5296233643
309,56,-92.164276123,32.5148582458,12.4010230907
309,57,-92.1150512695,32.5059242249,4.721506962
309,58,-92.1062545776,32.5029373169,0.8892714282
309,59,-92.0703277588,32.5019340515,3.3710027652
309,60,-91.7839279175,32.469329834,27.1066399847
309,61,-91.7543258667,32.4603538513,2.9510941162
309,62,-91.6005096436,32.4596633911,14.4316298749
309,63,-91.4854507446,32.4435119629,10.9444863635
309,64,-91.2409210205,32.4160881042,23.1517836626
309,65,-91.1977081299,32.4017066956,4.3604573407
309,66,-91.1695861816,32.3811607361,3.4916409066
309,67,-91.0416259766,32.3323898315,13.1860932759
309,68,-90.9669723511,32.3142433167,7.299243046
309,69,-90.9132232666,32.3112792969,5.0618431877
309,70,-90.8897018433,32.3307113647,3.0909520018
309,71,-90.8747558594,32.3450241089,2.1223984496
309,72,-90.8230743408,32.3693389893,5.5565566943
309,73,-90.7998428345,32.3759880066,2.3036169213
309,74,-90.6929702759,32.3794403076,10.0435426486
309,75,-90.5971374512,32.357170105,9.3348692331
309,76,-90.5181427002,32.3752250671,7.6860267618
309,77,-90.4514007568,32.3762626648,6.2688107639
309,78,-90.3697891235,32.3582344055,7.9226941869
309,79,-90.3512268066,32.3474388123,2.1168965927
309,80,-90.2595901489,32.2961387634,10.3288001041
309,81,-90.2470397949,32.287109375,1.5491150648
309,82,-90.2143630981,32.2704582214,3.5867949165
310,1,-88.7985076904,32.3484649658,133.3421268482
310,2,-88.8210906982,32.3718452454,3.3552992163
310,3,-88.9687957764,32.3585090637,13.9516665515
310,4,-89.0577697754,32.3611679077,8.362263868
310,5,-89.1288833618,32.3550453186,6.7141986936
310,6,-89.265625,32.3503990173,12.855089834
310,7,-89.2770309448,32.3444976807,1.2564410935
310,8,-89.3155975342,32.3249740601,4.2240067902
310,9,-89.478843689,32.3401603699,15.4304741718
310,10,-89.509765625,32.3456268311,2.9678528447
310,11,-89.6664886475,32.3167991638,15.0699969911
310,12,-89.7439804077,32.2970619202,7.6063025082
310,13,-89.8166427612,32.2987060547,6.832055201
310,14,-89.9352874756,32.2809906006,11.3251584518
310,15,-89.986831665,32.2889862061,4.926271953
310,16,-90.0269393921,32.2878952026,3.7721102065
310,17,-90.1601028442,32.2630386353,12.8207335631
310,18,-90.1849899292,32.2583351135,2.3978548872
310,19,-90.2143630981,32.2704582214,3.073256402
311,1,-96.813659668,32.6479377747,620.4884228989
311,2,-96.8174514771,32.5532493591,10.5348612176
311,3,-96.8223800659,32.49792099,6.1695620978
311,4,-96.8676147461,32.4125709534,10.3963034588
311,5,-96.8689804077,32.3482284546,7.1557086932
311,6,-96.8954238892,32.2145271301,15.0733104034
311,7,-96.965965271,32.1266021729,11.8181913771
311,8,-97.0785675049,32.0666503906,12.5279342324
312,1,-97.3179702759,32.7507133484,79.3149223364
312,2,-97.3124771118,32.6713104248,8.8441476865
312,3,-97.3081970215,32.5563850403,12.7854059885
312,4,-97.3063430786,32.546913147,1.0674643331
312,5,-97.3039855957,32.5277671814,2.1403737368
312,6,-97.2653656006,32.4672660828,7.6404442321
312,7,-97.2178039551,32.4180679321,7.0602806096
312,8,-97.1805801392,32.3627967834,7.0701944032
312,9,-97.1634902954,32.2804145813,9.3001757634
312,10,-97.0785675049,32.0666503906,25.0773860957
313,1,-104.050819397,31.0990314484,669.0274662824
313,2,-104.0199432373,31.1336307526,4.8415807077
313,3,-103.9703140259,31.1578178406,5.4351163312
313,4,-103.8509902954,31.2593574524,16.0080963657
313,5,-103.7421264648,31.3379821777,13.5433163556
313,6,-103.5361557007,31.4094772339,21.1085201098
313,7,-103.5072555542,31.3989696503,2.9812935734
313,8,-103.482093811,31.4002170563,2.3921491177
313,9,-103.4637298584,31.4099197388,2.0497527628
313,10,-103.4063186646,31.4226703644,5.6294454374
313,11,-103.3715515137,31.4383411407,3.7306481118
313,12,-103.3374328613,31.4699440002,4.7773109998
313,13,-103.1482391357,31.5201873779,18.788124317
313,14,-103.0841140747,31.5292892456,6.1617273229
313,15,-102.8867340088,31.5838565826,19.6617718097
313,16,-102.8263015747,31.6082229614,6.3325538372
313,17,-102.7530059814,31.6356449127,7.5803312424
313,18,-102.5115890503,31.7773265839,27.7446334418
313,19,-102.427230835,31.8206615448,9.3153643613
313,20,-102.4062271118,31.8215656281,1.9870217394
313,21,-102.3902664185,31.810503006,1.9461450911
313,22,-102.3506011963,31.8181819916,3.8439650535
313,23,-102.329788208,31.8254642487,2.1266370101
313,24,-102.3110046387,31.8473014832,3.0074351922
313,25,-102.1104354858,31.9516067505,22.2040273746
313,26,-102.0647506714,31.9601917267,4.4145351576
313,27,-102.0422439575,31.9669914246,2.2538038227
313,28,-102.0248184204,31.9828090668,2.4073061189
313,29,-102.0050735474,32.035610199,6.1593206404
313,30,-101.8390045166,32.1241645813,18.4870200653
313,31,-101.8217163086,32.1490707397,3.2124119282
313,32,-101.8046264648,32.1593704224,1.9748397018
313,33,-101.7910919189,32.1591339111,1.2743391494
313,34,-101.7729492188,32.1466522217,2.2007817833
313,35,-101.7287597656,32.1551094055,4.2650980752
313,36,-101.5757904053,32.2220611572,16.2062051645
313,37,-101.5434646606,32.2311706543,3.2049934271
313,38,-101.5127716064,32.2411575317,3.09305677
313,39,-101.5012435913,32.2622795105,2.5867782408
313,40,-101.4808959961,32.2757644653,2.4307051598
313,41,-101.4646682739,32.27734375,1.5356925807
313,42,-101.4226837158,32.2637481689,4.2269466343
313,43,-101.383140564,32.2647132874,3.7196289662
313,44,-101.2536315918,32.2954978943,12.6471263665
313,45,-101.2289123535,32.3071899414,2.6623228444
313,46,-101.2070617676,32.3288803101,3.1675090092
313,47,-101.1601486206,32.3412704468,4.6179096656
313,48,-101.0019226074,32.3609848022,15.023868732
313,49,-100.9304428101,32.3941955566,7.6613002514
313,50,-100.853515625,32.4093818665,7.4169509197
313,51,-100.8023986816,32.4015579224,4.8770449289
313,52,-100.7302093506,32.4140205383,6.9171440601
313,53,-100.6565628052,32.4026527405,7.0282698233
313,54,-100.5121612549,32.434677124,14.0142882121
313,55,-100.4557495117,32.4476776123,5.4876249857
313,56,-100.3949279785,32.4510955811,5.7197437004
313,57,-100.3608093262,32.474899292,4.1535736738
313,58,-100.2886657715,32.4895973206,6.9615825017
313,59,-100.1854782104,32.4885368347,9.6789113459
313,60,-100.121963501,32.5000457764,6.092756626
313,61,-99.9422836304,32.4673423767,17.2414338243
313,62,-99.833190918,32.4689750671,10.2360374943
313,63,-99.7570648193,32.4879722595,7.4467670814
313,64,-99.7298660278,32.4947395325,2.6596406452
313,65,-99.7042770386,32.4897384644,2.4635478691
313,66,-99.6848297119,32.4750366211,2.4494846585
313,67,-99.6479873657,32.4512367249,4.3532888231
313,68,-99.5619277954,32.4299850464,8.414687096
313,69,-99.3843307495,32.4054603577,16.8919958905
313,70,-99.214050293,32.3808822632,16.219886574
313,71,-98.980178833,32.3788452148,21.9630772089
313,72,-98.969329834,32.3782920837,1.020654648
313,73,-98.8244018555,32.37915802,13.6101055711
313,74,-98.7817382813,32.4005813599,4.66069723
313,75,-98.6788482666,32.4500045776,11.1113315089
313,76,-98.6306228638,32.4740371704,5.2547648669
313,77,-98.5334625244,32.5016212463,9.6153394391
313,78,-98.5127563477,32.4998893738,1.9513522563
313,79,-98.4966049194,32.5204925537,2.7463283156
313,80,-98.3980941772,32.5069847107,9.3583307497
313,81,-98.3547134399,32.5182189941,4.2552052523
313,82,-98.2176437378,32.5693016052,14.0478272125
313,83,-98.1636047363,32.5766410828,5.1290518686
313,84,-98.1001205444,32.6143188477,7.274791921
313,85,-98.0063858032,32.6828689575,11.6240691829
313,86,-97.8490982056,32.7360343933,15.8591437671
313,87,-97.7836380005,32.7365989685,6.1230526309
313,88,-97.7612686157,32.737071991,2.0929386965
313,89,-97.6848068237,32.7596817017,7.5798611129
313,90,-97.550994873,32.729549408,12.9555100891
313,91,-97.4844818115,32.7290077209,6.2219910843
313,92,-97.4500274658,32.7491950989,3.9272880123
313,93,-97.4325714111,32.7492599487,1.6325075981
314,1,-90.2143630981,32.2704582214,678.8127743646
314,2,-90.2281570435,32.2375526428,3.8820549745
314,3,-90.33959198,32.0662918091,21.7417472743
314,4,-90.3634719849,32.0246238708,5.1510131797
314,5,-90.4131622314,31.9280147552,11.7203847794
314,6,-90.4200592041,31.8700389862,6.479407146
314,7,-90.4345550537,31.7718524933,11.0034101631
314,8,-90.4713287354,31.6497306824,14.0178011566
314,9,-90.4776916504,31.5981140137,5.7710445515
314,10,-90.4824371338,31.5460510254,5.8065700446
314,11,-90.4913330078,31.4834461212,7.0122378812
314,12,-90.4913253784,31.3076992035,19.5421656376
314,13,-90.4908981323,31.2291660309,8.7325847805
314,14,-90.4911727905,31.120016098,12.1369469066
314,15,-90.5117950439,31.0026473999,13.1978004486
314,16,-90.5176086426,30.9694881439,3.7285568335
314,17,-90.5307998657,30.8322849274,15.3081285418
314,18,-90.5322189331,30.733549118,10.9797579674
314,19,-90.5298538208,30.6727733612,6.7617378605
314,20,-90.5012512207,30.5934867859,9.2312310749
314,21,-90.4959564209,30.5075683594,9.5671378369
314,22,-90.484085083,30.4907531738,2.1885308106
315,1,-90.484085083,30.4907531738,0
315,2,-90.4585876465,30.4868621826,2.4811735656
315,3,-90.2172927856,30.480922699,23.1314222133
315,4,-90.1498413086,30.4648780823,6.7059222385
315,5,-90.0796203613,30.4291381836,7.8170199975
316,1,-91.1001968384,30.4066829681,97.8941347335
316,2,-91.0624084473,30.4250659943,4.1603758417
316,3,-90.9399337769,30.4509792328,12.090004407
316,4,-90.8422470093,30.4732513428,9.6848883007
316,5,-90.6595535278,30.4876747131,17.5804620107
316,6,-90.484085083,30.4907531738,16.8167660691
317,1,-88.7931137085,32.3447875977,261.2354343326
317,2,-88.8246765137,32.2688751221,8.9471204008
317,3,-88.8717956543,32.2044258118,8.4260519195
317,4,-88.8828582764,32.1042022705,11.1929039735
317,5,-88.9004211426,32.0705604553,4.0903782631
317,6,-88.9372406006,31.9859447479,10.0286461254
317,7,-89.0084609985,31.9083023071,10.9404225159
317,8,-89.0797348022,31.7954826355,14.2370736168
317,9,-89.0939559937,31.7535705566,4.8504267323
317,10,-89.0941085815,31.7243747711,3.2464552959
317,11,-89.093132019,31.7038440704,2.2847778865
317,12,-89.1034240723,31.6911067963,1.7187450213
317,13,-89.1292724609,31.6866340637,2.4957593311
317,14,-89.1663970947,31.685836792,3.5138481165
317,15,-89.1638259888,31.6579990387,3.1049651136
317,16,-89.159614563,31.6369991302,2.3688681885
317,17,-89.1859588623,31.6379890442,2.4964312435
317,18,-89.211265564,31.6289310455,2.5989790299
317,19,-89.2970428467,31.5141296387,15.1324051246
317,20,-89.3153305054,31.5013828278,2.2393455037
317,21,-89.3193435669,31.3872833252,12.6929963023
317,22,-89.3413696289,31.3617534637,3.5258073944
317,23,-89.3569412231,31.3467102051,2.2325726378
317,24,-89.3564300537,31.3302745819,1.8282026042
317,25,-89.3549118042,31.2841625214,5.1294556037
317,26,-89.3378143311,31.2654190063,2.6427432599
317,27,-89.3266143799,31.2457695007,2.4304989997
317,28,-89.34009552,31.1955604553,5.7282772729
317,29,-89.388420105,31.0526695251,16.5412114858
317,30,-89.4194412231,30.9965114594,6.9087824034
317,31,-89.4856185913,30.8818645477,14.225020582
317,32,-89.4952087402,30.8379974365,4.9629524027
317,33,-89.5159683228,30.8023509979,4.4317878153
317,34,-89.5308456421,30.741563797,6.9070600933
317,35,-89.5706787109,30.6789226532,7.9383864652
317,36,-89.6315917969,30.5503997803,15.4341789543
317,37,-89.673866272,30.4707736969,9.736256409
317,38,-89.6810150146,30.4573631287,1.6410638508
317,39,-89.7060470581,30.4103469849,5.7524900639
317,40,-89.7197418213,30.3792171478,3.7023120537
317,41,-89.7317428589,30.3160667419,7.1158089662
318,1,-90.0796203613,30.4291381836,35.6630724751
318,2,-89.9892425537,30.3774356842,10.4008974439
318,3,-89.9255905151,30.3557434082,6.5658782938
318,4,-89.7608566284,30.3219470978,16.2495577417
318,5,-89.7317428589,30.3160667419,2.8700080615
319,1,-90.4274978638,30.0817584991,71.7613303453
319,2,-90.4443206787,30.1228084564,4.8429396704
319,3,-90.4464950562,30.1740493774,5.7015650537
319,4,-90.4104003906,30.2535190582,9.492901502
319,5,-90.4122543335,30.325334549,7.9875019811
319,6,-90.4559326172,30.4406929016,13.4941839634
319,7,-90.472984314,30.4487762451,1.8654502275
319,8,-90.484085083,30.4907531738,4.7873306489
320,1,-90.0796203613,30.4291381836,39.3679529249
320,2,-90.0815887451,30.4080886841,2.3481954752
320,3,-90.0841445923,30.3957252502,1.3964326251
320,4,-90.0856399536,30.3815383911,1.5840140393
320,5,-90.1472854614,30.0073280334,42.0299625246
321,1,-95.381362915,29.7704353333,505.2355029626
321,2,-95.3769607544,29.8115196228,4.5880732724
321,3,-95.4098587036,29.8638019562,6.6231490355
321,4,-95.435585022,30.0179805756,17.3221638154
321,5,-95.4553451538,30.1860523224,18.7851499527
321,6,-95.4552001953,30.2652950287,8.8113979208
321,7,-95.470161438,30.310798645,5.2597442973
321,8,-95.4996109009,30.4402294159,14.6667060923
321,9,-95.4959793091,30.5256938934,9.5095858879
321,10,-95.5092468262,30.6516494751,14.0630827839
321,11,-95.5183029175,30.6707820892,2.2970338556
321,12,-95.5787200928,30.7240104675,8.2705347278
321,13,-95.6019973755,30.7464466095,3.3426775553
321,14,-95.795539856,30.9168205261,26.4649767616
321,15,-95.8778457642,30.9665565491,9.6021491703
321,16,-95.9175796509,31.0151233673,6.5961613674
321,17,-95.9815597534,31.1578044891,16.9950259408
321,18,-95.9929580688,31.2628765106,11.7336550208
321,19,-95.9906616211,31.3003311157,4.1704757606
321,20,-96.0121841431,31.3632221222,7.2858107975
321,21,-96.0715332031,31.4543704987,11.5950880664
321,22,-96.0837783813,31.467590332,1.8734408396
321,23,-96.1461715698,31.5789451599,13.7219287649
321,24,-96.1745529175,31.7054653168,14.322649565
321,25,-96.1962051392,31.7491264343,5.2691164312
321,26,-96.3164901733,31.8526496887,16.1778876246
321,27,-96.3357391357,31.879743576,3.518629914
321,28,-96.3632659912,31.90391922,3.7390162883
321,29,-96.4033508301,31.9248275757,4.4407017302
321,30,-96.4071960449,31.9354438782,1.2349933449
321,31,-96.4061431885,31.9833297729,5.3255949025
321,32,-96.4294052124,32.0310592651,5.7426665454
321,33,-96.4171142578,32.0521125793,2.6119900443
321,34,-96.4209365845,32.0996818542,5.3017082643
321,35,-96.4533309937,32.1381111145,5.2504267079
321,36,-96.4672622681,32.2151794434,8.6693318977
321,37,-96.4921951294,32.2642860413,5.9426331792
321,38,-96.5263137817,32.2899551392,4.2936528631
321,39,-96.5966949463,32.3190193176,7.3619915991
321,40,-96.6111068726,32.3376998901,2.4795929985
321,41,-96.6495132446,32.424282074,10.2808500218
321,42,-96.6476593018,32.5529174805,14.3046615017
321,43,-96.6881256104,32.6397895813,10.3769641687
321,44,-96.716835022,32.6702461243,4.3235526065
321,45,-96.7661590576,32.6502418518,5.1252442845
321,46,-96.813659668,32.6479377747,4.4546215705
322,1,-98.3923187256,29.4357223511,387.5390034443
322,2,-98.3973846436,29.4445075989,1.093132464
322,3,-98.4031143188,29.4734725952,3.2681849307
322,4,-98.3858184814,29.527765274,6.2648261322
322,5,-98.3770980835,29.5450534821,2.0993369243
322,6,-98.3353118896,29.5636711121,4.5411776964
322,7,-98.2852401733,29.6013908386,6.4059410466
322,8,-98.1502609253,29.6789150238,15.6359507333
322,9,-98.0972747803,29.6995391846,5.6086250846
322,10,-98.0237503052,29.7871112823,12.0502548607
322,11,-97.9446716309,29.8589439392,11.0451350399
322,12,-97.91456604,29.8840236664,4.0253653128
322,13,-97.8901672363,29.9119510651,3.8955262514
322,14,-97.8630905151,30.0016422272,10.3087019846
322,15,-97.7838134766,30.1662578583,19.8301287233
322,16,-97.7496032715,30.2195720673,6.7790059181
322,17,-97.7315368652,30.2613067627,4.9545943873
322,18,-97.7119674683,30.2993431091,4.6281105035
322,19,-97.700553894,30.3288478851,3.4588837549
322,20,-97.6937561035,30.3447208405,1.8816999127
322,21,-97.6696929932,30.3904285431,5.5822069491
322,22,-97.6677703857,30.4210414886,3.4089941571
322,23,-97.6633682251,30.4451942444,2.7186249011
322,24,-97.6720123291,30.4769439697,3.6263226768
322,25,-97.6851654053,30.4991779327,2.7750190483
322,26,-97.6867828369,30.5358047485,4.0756621122
322,27,-97.682723999,30.6043243408,7.6289342388
322,28,-97.7029418945,30.6221237183,2.7677898341
322,29,-97.6993255615,30.637140274,1.7052390268
322,30,-97.6903839111,30.6529579163,1.9558239394
322,31,-97.6742172241,30.6608505249,1.778084966
322,32,-97.6531600952,30.7093296051,5.7544319237
322,33,-97.5946426392,30.8543663025,17.068721664
322,34,-97.55027771,30.9123573303,7.7139427288
322,35,-97.5251846313,30.9661865234,6.4462438297
322,36,-97.4927520752,30.9974479675,4.6521751004
322,37,-97.4643630981,31.0520954132,6.6514496919
322,38,-97.3568267822,31.1071605682,11.9318408693
322,39,-97.2668380737,31.2900600433,22.0651877063
322,40,-97.2144317627,31.3494930267,8.2738286072
322,41,-97.1923904419,31.412399292,7.3011009933
322,42,-97.1425247192,31.5015163422,10.9803235801
322,43,-97.1288833618,31.5226249695,2.6798284315
322,44,-97.1181640625,31.5670909882,5.0476628382
322,45,-97.1114120483,31.5906562805,2.6972747893
322,46,-97.0979995728,31.6953144073,11.7065105002
322,47,-97.106590271,31.7863616943,10.1565374005
322,48,-97.0868988037,31.8830318451,10.9090037948
322,49,-97.0941085815,31.921995163,4.3856545976
322,50,-97.119392395,31.9691734314,5.7629542852
322,51,-97.0908584595,32.0113182068,5.4039556626
322,52,-97.0840301514,32.0503692627,4.3897286839
322,53,-97.0785675049,32.0666503906,1.8821480977
323,1,-81.4829025269,28.4969539642,1547.6375577551
323,2,-81.4815216064,28.4932231903,0.4362410821
323,3,-81.4795913696,28.4903907776,0.3671205911
323,4,-81.47605896,28.4884204865,0.4088726951
323,5,-81.4740066528,28.4878807068,0.2093619084
323,6,-81.4709014893,28.4877643585,0.3037472625
323,7,-81.4688796997,28.4867706299,0.2263907303
323,8,-81.4658508301,28.4852771759,0.3394193019
323,9,-81.4623184204,28.4833030701,0.4091142683
323,10,-81.4582290649,28.4822292328,0.4171323252
323,11,-81.4556808472,28.481212616,0.2735087088
323,12,-81.4521484375,28.4792404175,0.4090117177
323,13,-81.4485473633,28.4786434174,0.3581726491
323,14,-81.4460983276,28.4757919312,0.39728148
323,15,-81.4457321167,28.4725570679,0.3614770274
323,16,-81.4406967163,28.4696083069,0.5914094265
323,17,-81.4387588501,28.4667739868,0.3677078419
323,18,-81.436340332,28.4634647369,0.4373735428
323,19,-81.4314041138,28.4582157135,0.7573079826
323,20,-81.428894043,28.456741333,0.2951106303
323,21,-81.4263916016,28.4548072815,0.325727808
323,22,-81.4245681763,28.4496765137,0.5977176875
323,23,-81.4236450195,28.4473419189,0.2748373105
323,24,-81.4200897217,28.4458274841,0.3862422502
323,25,-81.4175796509,28.4443511963,0.2952524093
323,26,-81.4156188965,28.4419765472,0.3263032395
323,27,-81.4131240845,28.4400424957,0.3251935431
323,28,-81.41065979,28.4376468658,0.3591884495
323,29,-81.4086990356,28.4352741241,0.326138786
323,30,-81.4062042236,28.4333381653,0.3253454269
323,31,-81.4057922363,28.431022644,0.260606748
323,32,-81.40284729,28.4276885986,0.4694338724
323,33,-81.4008789063,28.425775528,0.2868822656
324,1,-81.4008789063,28.425775528,0
324,2,-81.3988571167,28.4247779846,0.2266991306
325,1,-80.8065643311,28.424331665,57.9201464979
325,2,-80.8161468506,28.4288921356,1.0654681552
325,3,-80.8257827759,28.4325351715,1.0256277138
325,4,-80.8385696411,28.4353923798,1.2900472658
325,5,-80.8527832031,28.440612793,1.5061230229
325,6,-80.8725891113,28.4479122162,2.0996778822
325,7,-80.974609375,28.4481391907,9.9743583547
325,8,-81.2697753906,28.4487247467,28.8577740958
325,9,-81.2956695557,28.4488258362,2.5316301645
325,10,-81.3297805786,28.4501609802,3.3382262992
325,11,-81.3330154419,28.4475269318,0.4310557983
325,12,-81.3382492065,28.446352005,0.5281152244
325,13,-81.3413772583,28.4460144043,0.3081243086
325,14,-81.3455581665,28.4452571869,0.4173502764
325,15,-81.3507995605,28.4440803528,0.5289011002
325,16,-81.3564605713,28.4447593689,0.5586112086
325,17,-81.3605957031,28.4449214935,0.404697851
325,18,-81.3632888794,28.4427242279,0.3592082214
325,19,-81.3685379028,28.4410877228,0.5445226026
325,20,-81.3717346191,28.439371109,0.3662354269
325,21,-81.3743896484,28.4380950928,0.2958444367
325,22,-81.3765258789,28.4367980957,0.2538276595
325,23,-81.3796463013,28.4364566803,0.3074633633
325,24,-81.3828125,28.4351978302,0.3397632322
325,25,-81.3870849609,28.4326038361,0.5076668145
325,26,-81.3896789551,28.4322433472,0.2567950499
325,27,-81.3918609619,28.4300270081,0.3259754109
325,28,-81.3945617676,28.4278316498,0.3596386794
325,29,-81.3971862793,28.4270114899,0.272365366
325,30,-81.3988571167,28.4247779846,0.2972806959
326,1,-81.4008789063,28.425775528,0.2266991306
326,2,-81.4040145874,28.4249744415,0.3193114701
326,3,-81.40574646,28.4213600159,0.4361325936
326,4,-81.407951355,28.4186859131,0.3673001039
326,5,-81.4105758667,28.4178657532,0.2723862287
326,6,-81.4137878418,28.4156894684,0.3965252839
326,7,-81.4164810181,28.4134922028,0.3592615347
326,8,-81.4223937988,28.4091186523,0.7555883909
326,9,-81.4250183105,28.4082984924,0.272408099
326,10,-81.4276580811,28.4070186615,0.2948070735
326,11,-81.4308319092,28.4057598114,0.340521811
326,12,-81.4335250854,28.4035625458,0.3592796469
326,13,-81.4361495972,28.4027423859,0.2724207869
326,14,-81.4387512207,28.402381897,0.2576028682
326,15,-81.4424438477,28.4011421204,0.3865937622
326,16,-81.4455413818,28.401260376,0.3032592153
326,17,-81.4481658936,28.4004383087,0.2724971171
326,18,-81.4502334595,28.40051651,0.2024196656
326,19,-81.4570083618,28.3993930817,0.6743416005
326,20,-81.4596176147,28.3990306854,0.2583809725
326,21,-81.4622192383,28.3986701965,0.2576116323
326,22,-81.4690093994,28.3975467682,0.6758196954
326,23,-81.4726486206,28.3972263336,0.3577487156
326,24,-81.4757385254,28.3973407745,0.3025066904
326,25,-81.4819335938,28.3975734711,0.6065215736
326,26,-81.4856185913,28.3963317871,0.3859877403
326,27,-81.4881973267,28.3964290619,0.2524728705
326,28,-81.4908370972,28.3956069946,0.2739146751
326,29,-81.4960632324,28.3944263458,0.5277932823
326,30,-81.4991836548,28.3940811157,0.3076372142
327,1,-82.328918457,27.9982089996,92.4638545301
327,2,-82.3288803101,27.9857769012,1.3823913396
327,3,-82.3322372437,27.9370803833,5.4248338968
327,4,-82.3424301147,27.8982486725,4.4325110885
327,5,-82.3427124023,27.8489875793,5.4776539152
327,6,-82.374786377,27.7172908783,14.980083003
327,7,-82.3902053833,27.6744403839,5.0007476073
327,8,-82.4837646484,27.5670280457,15.0870235826
327,9,-82.4858932495,27.5357513428,3.4841359604
328,1,-80.3867645264,27.3598022461,208.0568499684
328,2,-80.3896789551,27.3622512817,0.3962273283
328,3,-80.3910751343,27.3646278381,0.298067114
328,4,-80.3929824829,27.3670272827,0.3265918444
328,5,-80.3938598633,27.3693790436,0.2754829002
328,6,-80.3957290649,27.3722381592,0.3676158056
328,7,-80.3965911865,27.3750495911,0.3240005837
328,8,-80.3969726563,27.377374649,0.2612641651
328,9,-80.3977661133,27.3811035156,0.4219678781
328,10,-80.397605896,27.3838672638,0.3077216646
328,11,-80.3989105225,27.3876209259,0.4368122342
328,12,-80.3992538452,27.3904075623,0.3117083374
328,13,-80.400138855,27.3927574158,0.2755137824
328,14,-80.4010009766,27.3955669403,0.3237918058
328,15,-80.4026870728,27.4016494751,0.6965288043
328,16,-80.4083099365,27.4102268219,1.1035160216
328,17,-80.4101104736,27.4144687653,0.5040560301
328,18,-80.4109954834,27.4168186188,0.2755077306
328,19,-80.413482666,27.4178619385,0.2715286113
328,20,-80.4159317017,27.4198265076,0.3258118293
328,21,-80.4179153442,27.4208431244,0.2260806735
328,22,-80.4203567505,27.4228076935,0.3252486911
328,23,-80.4248199463,27.4253311157,0.522286928
328,24,-80.427772522,27.427318573,0.3657306917
328,25,-80.4347839355,27.4299621582,0.7518380533
328,26,-80.4368286133,27.4300613403,0.2020980518
328,27,-80.4398117065,27.4315891266,0.3399080225
328,28,-80.4427642822,27.4335765839,0.3657175321
328,29,-80.4457473755,27.4351043701,0.3398998822
328,30,-80.4486694336,27.4375514984,0.3964864719
328,31,-80.4521026611,27.4400215149,0.4361507062
328,32,-80.4550552368,27.4420089722,0.365699788
328,33,-80.4569625854,27.4444065094,0.3263425413
328,34,-80.458732605,27.4491062164,0.5509998896
328,35,-80.4610443115,27.453371048,0.5262363418
328,36,-80.4663391113,27.4591598511,0.8290198469
328,37,-80.4701538086,27.4639568329,0.652822223
328,38,-80.4720306396,27.4668121338,0.3675483051
328,39,-80.4758453369,27.4716091156,0.6528071538
328,40,-80.480178833,27.4764308929,0.6857378982
328,41,-80.4854202271,27.4831390381,0.9075983111
328,42,-80.4908218384,27.4870853424,0.6902685588
328,43,-80.495765686,27.4900875092,0.5909817235
328,44,-80.5007400513,27.4926300049,0.5662854477
328,45,-80.5093231201,27.4948825836,0.8828810199
328,46,-80.5153427124,27.497013092,0.639257909
328,47,-80.5259628296,27.4993591309,1.079485818
328,48,-80.5350265503,27.5020923615,0.9442090354
328,49,-80.5441741943,27.503446579,0.9146994339
328,50,-80.5568847656,27.5049648285,1.2649261702
328,51,-80.5675888062,27.5059280396,1.0611182208
328,52,-80.5757675171,27.5063095093,0.8077449594
328,53,-80.5854492188,27.5072231293,0.960247221
328,54,-80.5956192017,27.5086193085,1.0149482056
328,55,-80.6076660156,27.5128688812,1.2785955701
328,56,-80.6176528931,27.5174846649,1.1105934098
328,57,-80.6279907227,27.5248794556,1.3097194422
328,58,-80.6339187622,27.5288448334,0.7321977717
328,59,-80.6382827759,27.533197403,0.6476137284
328,60,-80.6421051025,27.537984848,0.6522443685
328,61,-80.645401001,27.5432109833,0.6658062136
328,62,-80.6487121582,27.5479755402,0.6222944407
328,63,-80.6496276855,27.549861908,0.2283499623
328,64,-80.6504440308,27.5535888672,0.4221610666
328,65,-80.6513137817,27.5563964844,0.323752932
328,66,-80.6527709961,27.5578479767,0.2160680247
328,67,-80.6556854248,27.5607471466,0.4318155379
328,68,-80.6602020264,27.5623397827,0.4791554719
328,69,-80.6672363281,27.5649681091,0.7524735574
328,70,-80.7435760498,27.5656681061,7.5254002018
328,71,-80.7548065186,27.5666351318,1.1122171416
328,72,-80.761932373,27.5674171448,0.7077644223
328,73,-80.7675323486,27.5681285858,0.5576312084
328,74,-80.7700119019,27.5696220398,0.2954870872
328,75,-80.7749786377,27.5726127625,0.5918263279
328,76,-80.7848739624,27.5790500641,1.2097931008
328,77,-80.8582382202,27.6537704468,11.0127364044
328,78,-80.8660964966,27.6601066589,1.0466207802
328,79,-80.8704071045,27.6658287048,0.7648886354
328,80,-80.8726882935,27.6710014343,0.6174961937
328,81,-80.8759460449,27.6771354675,0.7537509935
328,82,-80.8792572021,27.6823501587,0.6652294155
328,83,-80.8811340332,27.6856594086,0.4117712697
328,84,-80.8842773438,27.6940975189,0.9880005867
328,85,-80.8874816895,27.7011508942,0.8453713021
328,86,-80.8908691406,27.7049846649,0.5412424779
328,87,-80.8952026367,27.7102432251,0.7238082353
328,88,-80.899055481,27.7150211334,0.6527679226
328,89,-80.9009399414,27.7183303833,0.4120839585
328,90,-80.9038391113,27.7216835022,0.4695270652
328,91,-80.90675354,27.7245750427,0.4308962477
328,92,-80.90965271,27.7279281616,0.4695171316
328,93,-80.9111251831,27.7293739319,0.2164460045
328,94,-80.9141159058,27.7308864594,0.3390186147
328,95,-80.9356842041,27.7502555847,3.0239409127
328,96,-80.9474639893,27.7604427338,1.620729311
328,97,-80.9571304321,27.7719173431,1.5913990929
328,98,-80.9669189453,27.7810955048,1.4031932193
328,99,-80.9736633301,27.7896785736,1.1623527198
328,100,-80.9803695679,27.7987194061,1.2024050373
328,101,-80.9880905151,27.8082675934,1.3053502482
328,102,-80.9932250977,27.8181610107,1.2104630654
328,103,-80.9962997437,27.8279685974,1.1316933385
328,104,-80.9998931885,27.8377971649,1.1485887527
328,105,-81.0035858154,27.8457889557,0.9599546203
328,106,-81.0062561035,27.8537349701,0.9217347338
328,107,-81.0119247437,27.8631896973,1.1898829423
328,108,-81.0186462402,27.8722286224,1.2028059759
328,109,-81.027961731,27.8809127808,1.3307272038
328,110,-81.0358352661,27.8876953125,1.0805695645
328,111,-81.0416870117,27.8939304352,0.9007917983
328,112,-81.0464782715,27.9005813599,0.8767170689
328,113,-81.0517730713,27.9077148438,0.9486259535
328,114,-81.0546340942,27.9119796753,0.5512936813
328,115,-81.0570373535,27.9153060913,0.4388317787
328,116,-81.0589065552,27.9190692902,0.4569785588
328,117,-81.0641403198,27.9271183014,1.0322098115
328,118,-81.0705337524,27.9329128265,0.8998181095
328,119,-81.0764541626,27.9377670288,0.7934822264
328,120,-81.0833282471,27.9440422058,0.9710094874
328,121,-81.0897064209,27.9502944946,0.935869231
328,122,-81.1010665894,27.9595184326,1.5155782287
328,123,-81.1094207764,27.9672317505,1.1869358266
328,124,-81.1162414551,27.9748840332,1.0829097216
328,125,-81.1206283569,27.9796695709,0.6846480224
328,126,-81.1255264282,27.9844779968,0.7191704056
328,127,-81.1329269409,27.99077034,1.0087531546
328,128,-81.1377868652,27.9964962006,0.7956526422
328,129,-81.142250061,27.9999027252,0.5792239748
328,130,-81.1457061768,28.0028095245,0.4686219312
328,131,-81.1502075195,28.0052947998,0.5212143606
328,132,-81.155708313,28.0087451935,0.662443163
328,133,-81.1622467041,28.0117759705,0.7249657251
328,134,-81.1672744751,28.0142822266,0.5668058997
328,135,-81.1768341064,28.0188159943,1.0652554851
328,136,-81.1843109131,28.0237255096,0.9146932017
328,137,-81.1912765503,28.0286121368,0.8733357925
328,138,-81.1997680664,28.0340213776,1.0278204934
328,139,-81.2072906494,28.0380096436,0.8612658691
328,140,-81.2122192383,28.0423526764,0.6835094621
328,141,-81.2196350098,28.0486373901,1.0089631473
328,142,-81.2280578613,28.0554237366,1.1192037487
328,143,-81.2384414673,28.0641269684,1.4052348552
328,144,-81.247428894,28.0700130463,1.098178467
328,145,-81.2553863525,28.0758552551,1.0156514644
328,146,-81.2602996826,28.0806560516,0.7192548105
328,147,-81.2647247314,28.0849761963,0.64747046
328,148,-81.2671127319,28.0887546539,0.481041792
328,149,-81.2701187134,28.0907154083,0.366727327
328,150,-81.272567749,28.0931148529,0.3590269345
328,151,-81.2769775391,28.0978946686,0.6852708048
328,152,-81.279876709,28.1016921997,0.5090948352
328,153,-81.2827835083,28.1054916382,0.509683381
328,154,-81.2914505005,28.1283912659,2.6844454845
328,155,-81.2964706421,28.1414794922,1.5363406556
328,156,-81.3046798706,28.1841506958,4.8125835697
328,157,-81.309463501,28.2128753662,3.2282558869
328,158,-81.3131942749,28.2208480835,0.9589322068
328,159,-81.3168640137,28.2301959991,1.099864971
328,160,-81.3201522827,28.2367668152,0.7985045954
328,161,-81.324546814,28.2420024872,0.724054658
328,162,-81.3253936768,28.245716095,0.4211845019
328,163,-81.3262939453,28.2485122681,0.3231839474
328,164,-81.3271789551,28.2513084412,0.3227787008
328,165,-81.3301620483,28.2643108368,1.4750270198
328,166,-81.3310546875,28.2671070099,0.3229767066
328,167,-81.3318557739,28.2717399597,0.5210999631
328,168,-81.3332061768,28.2759342194,0.4847668694
328,169,-81.3341217041,28.2782707214,0.2748409341
328,170,-81.3355102539,28.281545639,0.3887112531
328,171,-81.3369445801,28.2839012146,0.2972078348
328,172,-81.3428268433,28.2905750275,0.9393853691
328,173,-81.3453140259,28.2925128937,0.3251721603
328,174,-81.3482513428,28.2958469391,0.4692008526
328,175,-81.3517456055,28.2982826233,0.4363414881
328,176,-81.3547744751,28.2997817993,0.3401865825
328,177,-81.3578033447,28.301279068,0.3400790552
328,178,-81.3628234863,28.3042354584,0.5912883753
328,179,-81.3653182983,28.3061714172,0.3255681992
328,180,-81.3687744141,28.3095264435,0.503639084
328,181,-81.369178772,28.3118438721,0.2607089569
328,182,-81.3721618652,28.3142585754,0.3967001808
328,183,-81.3736038208,28.3166160583,0.29772772
328,184,-81.3739547729,28.3198490143,0.361126037
328,185,-81.3758850098,28.3226852417,0.3676406401
328,186,-81.3768081665,28.3250217438,0.2750724989
328,187,-81.378692627,28.3287754059,0.4563276804
328,188,-81.3801269531,28.3311309814,0.2971783578
328,189,-81.3809967041,28.3343849182,0.3717003166
328,190,-81.3813476563,28.3380794525,0.4122468875
328,191,-81.3827972412,28.3399753571,0.2541057949
328,192,-81.3836975098,28.3427715302,0.3231626548
328,193,-81.3858566284,28.3515949249,1.0036110528
328,194,-81.3867721558,28.353931427,0.2748201265
328,195,-81.3871765137,28.3562450409,0.2602872074
328,196,-81.388092041,28.358581543,0.2748188639
328,197,-81.3879852295,28.3608779907,0.255567127
328,198,-81.3883972168,28.363193512,0.2606108634
328,199,-81.389289856,28.3659877777,0.3227505539
328,200,-81.3891525269,28.3687438965,0.3067608485
328,201,-81.3894271851,28.3738136292,0.5643686684
328,202,-81.3897399902,28.3779678345,0.4629391973
328,203,-81.3901519775,28.3802833557,0.2606098432
328,204,-81.3905487061,28.3825969696,0.2601732975
328,205,-81.3908691406,28.3867511749,0.4629889658
328,206,-81.3912506104,28.3895244598,0.3106248713
328,207,-81.3911209106,28.3922805786,0.3067289399
328,208,-81.3914337158,28.3964328766,0.4627272152
328,209,-81.391784668,28.3996658325,0.3611236037
328,210,-81.3921966553,28.4019832611,0.2608181062
328,211,-81.392578125,28.404756546,0.3106242039
328,212,-81.3929138184,28.408449173,0.4119120052
328,213,-81.3932800293,28.4116840363,0.3614791965
328,214,-81.394203186,28.414018631,0.2748473122
328,215,-81.3950576782,28.4177322388,0.4213054608
328,216,-81.3964233398,28.42146492,0.4360131952
328,217,-81.3979034424,28.4228992462,0.2153770807
328,218,-81.3988571167,28.4247779846,0.2287777591
329,1,-80.3867645264,27.3598022461,154.648355223
329,2,-80.4123916626,27.3416614532,3.2365376368
329,3,-80.4186859131,27.3216552734,2.3098401862
329,4,-80.4213485718,27.2336120605,9.7934946294
329,5,-80.4058380127,27.1765289307,6.5300662554
329,6,-80.3812179565,27.1014385223,8.6978271127
329,7,-80.348739624,27.0476493835,6.790716462
329,8,-80.3231048584,26.990945816,6.7972895197
329,9,-80.2846755981,26.9442157745,6.4423997334
329,10,-80.2161102295,26.9084224701,7.877046216
329,11,-80.1533508301,26.9029197693,6.2531284093
330,1,-80.2224502563,26.0971012115,89.8663855291
330,2,-80.2201538086,26.1849994659,9.7765277825
330,3,-80.2042770386,26.2054958344,2.7755416272
330,4,-80.1966705322,26.2143688202,1.2447008028
330,5,-80.1886444092,26.2218322754,1.1531547946
330,6,-80.1810531616,26.2302398682,1.203069557
330,7,-80.1776123047,26.2370090485,0.8272480202
330,8,-80.1764068604,26.2485256195,1.2862153055
330,9,-80.1759796143,26.2721214294,2.6240802394
330,10,-80.1752929688,26.2832012177,1.2339169128
330,11,-80.175567627,26.3035869598,2.2669564676
330,12,-80.1759262085,26.3554611206,5.768254201
330,13,-80.1769561768,26.421245575,7.3156169949
330,14,-80.1769943237,26.4453163147,2.6765468348
330,15,-80.1787490845,26.4579029083,1.4104258228
330,16,-80.1778869629,26.4638748169,0.6695686693
330,17,-80.1762161255,26.4827632904,2.1068764503
330,18,-80.1755065918,26.4942970276,1.2844356056
330,19,-80.1723556519,26.5126438141,2.0640241873
330,20,-80.1713867188,26.5283279419,1.7466578713
330,21,-80.1728057861,26.5464458466,2.019559006
330,22,-80.1711654663,26.5815258026,3.9041231953
330,23,-80.1731719971,26.5982818604,1.8738407435
330,24,-80.1750106812,26.617805481,2.1786101007
330,25,-80.1765518188,26.6340751648,1.8155808584
330,26,-80.1750488281,26.6501865387,1.7977201211
330,27,-80.174369812,26.6612529755,1.2323803943
330,28,-80.1745452881,26.6668128967,0.6184808871
330,29,-80.1732940674,26.6704483032,0.4229261401
330,30,-80.172088623,26.6736240387,0.3728861644
330,31,-80.168296814,26.6775932312,0.5802896075
330,32,-80.1629486084,26.6819438934,0.7186067856
330,33,-80.1452178955,26.6976833344,2.4831198893
330,34,-80.141960144,26.701215744,0.5089318227
330,35,-80.1408004761,26.7034702301,0.2758886729
330,36,-80.139541626,26.707567215,0.4724140113
330,37,-80.1380386353,26.7153511047,0.8783096959
330,38,-80.1346893311,26.7692832947,6.0062015047
330,39,-80.1340560913,26.7877464294,2.0539690757
330,40,-80.1333007813,26.7997283936,1.3344411902
330,41,-80.1334915161,26.8131446838,1.4919435054
330,42,-80.1331176758,26.8191375732,0.6674107828
330,43,-80.1345901489,26.8363170624,1.9158515063
330,44,-80.134727478,26.8423366547,0.6694867909
330,45,-80.1367416382,26.8507595062,0.9576581851
330,46,-80.1395492554,26.8629245758,1.3810698688
330,47,-80.142074585,26.8713741302,0.972366387
330,48,-80.1432266235,26.8774414063,0.6842585269
330,49,-80.1464004517,26.8836135864,0.7550602521
330,50,-80.1490707397,26.8897590637,0.732867248
330,51,-80.1516265869,26.8977470398,0.9236781087
330,52,-80.1533508301,26.9029197693,0.6000567383
331,1,-102.5657196045,48.9999275208,3121.4872244533
331,2,-102.5650863647,48.8940582275,11.7722191226
331,3,-102.2469711304,48.8912811279,23.2586463278
332,1,-122.3229522705,47.5927619934,1489.3233986015
332,2,-122.3250427246,47.6018943787,1.0275014715
332,3,-122.3228225708,47.6158065796,1.5558937942
332,4,-122.3232879639,47.6379051208,2.4574931726
332,5,-122.3224411011,47.6522216797,1.5931923685
332,6,-122.3202133179,47.7647666931,12.5155446054
332,7,-122.3078765869,47.7952041626,3.5077798171
332,8,-122.2672576904,47.8345603943,5.3245222925
332,9,-122.2483062744,47.858795166,3.0433450248
332,10,-122.2069168091,47.9230728149,7.7851301293
332,11,-122.2063598633,47.9498443604,2.9771491461
332,12,-122.2025146484,47.9776687622,3.1071506118
332,13,-122.1739883423,48.0013389587,3.3814438985
332,14,-122.1738891602,48.0337257385,3.6012531572
332,15,-122.2038116455,48.0611305237,3.7727173522
332,16,-122.189781189,48.1562728882,10.6305121125
332,17,-122.2012786865,48.1812362671,2.9038070757
332,18,-122.3306732178,48.3361473083,19.7096508396
332,19,-122.3269271851,48.4060592651,7.7787780413
332,20,-122.3448257446,48.4414215088,4.147987823
332,21,-122.3414611816,48.4665107727,2.8008113478
332,22,-122.3469161987,48.4912643433,2.7816861597
332,23,-122.373626709,48.6562538147,18.4509427556
332,24,-122.388633728,48.6723327637,2.1003012538
332,25,-122.464225769,48.6934661865,6.0265308896
332,26,-122.4594726563,48.7663002014,8.1062727441
332,27,-122.4848022461,48.7824401855,2.5819034954
332,28,-122.5242843628,48.7878341675,2.9541700757
332,29,-122.5791015625,48.8435325623,7.3802341637
332,30,-122.5891799927,48.8885116577,5.0554861643
332,31,-122.6069107056,48.8952140808,1.4952422452
332,32,-122.616973877,48.9161148071,2.4376615452
332,33,-122.6662902832,48.9308128357,3.9565113615
332,34,-122.7429962158,48.9981193542,9.347153152
333,1,-93.4067153931,48.6025810242,2135.6777896621
333,2,-93.3724365234,48.5007705688,11.5985615753
333,3,-93.1902770996,48.3978118896,17.6511940021
333,4,-93.0001983643,48.3978118896,14.0332056847
333,5,-92.9605941772,48.3582115173,5.2863512055
333,6,-92.9764328003,48.2790107727,8.8842528246
333,7,-92.8655548096,48.1760482788,14.0902735283
333,8,-92.8338775635,48.0493278503,14.285576788
333,9,-92.8497161865,47.9146881104,15.0175973538
333,10,-92.6913146973,47.8513298035,13.7537746469
333,11,-92.6517105103,47.6533279419,22.2149958792
333,12,-92.5566711426,47.6295661926,7.5947318752
333,13,-92.517074585,47.5978889465,4.6061638666
333,14,-92.5408325195,47.534526825,7.2675317221
333,15,-92.5343780518,47.3988761902,15.091463522
334,1,-120.5361633301,46.9731025696,2105.1761735721
334,2,-120.7068710327,47.1844520569,26.8214369379
334,3,-120.6641464233,47.269908905,10.0351088165
334,4,-120.6285400391,47.3482398987,9.1143305119
334,5,-120.5644454956,47.3553619385,4.8930110066
334,6,-120.6427764893,47.4764213562,14.6949222558
334,7,-120.5929336548,47.5618743896,10.2125661074
334,8,-120.3223266602,47.5049057007,21.2803445999
334,9,-120.2012634277,47.6473312378,18.2559870512
334,10,-120.1442947388,47.7897529602,16.3999898782
334,11,-119.980506897,47.8395996094,13.42752686
334,12,-119.9377822876,47.9250564575,10.0222934964
334,13,-119.8736953735,48.0959625244,19.5927348041
334,14,-119.7811203003,48.110206604,7.0542833009
334,15,-119.6671829224,48.110206604,8.4592624669
334,16,-119.6600570679,48.2739944458,18.2200353306
334,17,-119.553237915,48.3309631348,10.126902704
334,18,-119.5176315308,48.423538208,10.6244955132
334,19,-119.5390014648,48.5445976257,13.5530232072
334,20,-119.4393005371,48.6870193481,17.450317175
334,21,-119.3823318481,48.8294448853,16.3783282049
334,22,-119.4184112549,48.9998779297,19.1338071185
335,1,-122.3229522705,47.5927619934,265.7657565393
335,2,-122.3129425049,47.5936088562,0.7565036677
335,3,-122.1687469482,47.5631370544,11.3344070999
335,4,-122.1136627197,47.562877655,4.1331806311
335,5,-122.0617218018,47.542678833,4.4987649987
335,6,-121.9931945801,47.5244483948,5.529594818
335,7,-121.9534301758,47.522190094,2.9964032634
335,8,-121.905090332,47.504108429,4.1500478834
335,9,-121.8748779297,47.5037994385,2.2697113607
335,10,-121.8263778687,47.5101051331,3.7098118272
335,11,-121.7575454712,47.4770355225,6.345529531
335,12,-121.5983352661,47.4253463745,13.2795845325
335,13,-121.5383911133,47.3918838501,5.8475346377
335,14,-121.4517593384,47.3979263306,6.5555088033
335,15,-121.4373626709,47.4126548767,1.9636889049
335,16,-121.4125137329,47.4116134644,1.8734111929
335,17,-121.3812637329,47.3951187134,2.9825177118
335,18,-121.3480377197,47.3386535645,6.7589173929
335,19,-121.2943954468,47.3164100647,4.7395078215
335,20,-121.2630310059,47.2764434814,5.0343261405
335,21,-121.1781005859,47.2546653748,6.8508635166
335,22,-121.1436843872,47.2281112671,3.9330150485
335,23,-121.031539917,47.1854553223,9.7089218949
335,24,-120.9677276611,47.1896057129,4.844209431
335,25,-120.8968048096,47.1640434265,6.0675495698
335,26,-120.8429107666,47.1549873352,4.1974063308
335,27,-120.7970428467,47.1116714478,5.9361187771
335,28,-120.5930099487,47.012840271,18.9636094587
335,29,-120.5597915649,46.9893531799,3.6285446197
335,30,-120.5361633301,46.9731025696,2.5452206634
336,1,-120.5361633301,46.9731025696,9.49352979660034E-005
336,2,-120.5314712524,46.9698753357,0.5054894909
337,1,-115.0439758301,48.999912262,466.4771695298
337,2,-115.0596313477,48.9027099609,10.8686916412
337,3,-115.0061721802,48.8686904907,5.4395150218
337,4,-114.8895339966,48.7714920044,13.7744455787
337,5,-114.8798141479,48.7228927612,5.4507782315
337,6,-114.8214950562,48.7228927612,4.2780233352
337,7,-114.7242889404,48.6451301575,11.2112124832
337,8,-114.5784912109,48.5430717468,15.6126791845
337,9,-114.5687713623,48.494468689,5.4516224713
337,10,-114.4521331787,48.3972702026,13.813948299
337,11,-114.3354873657,48.387550354,8.6802366744
337,12,-114.3209075928,48.198009491,21.1035649239
337,13,-114.2382888794,48.086227417,13.8590866312
337,14,-114.2237091064,48.0181884766,7.6428050202
337,15,-114.1896896362,47.9647293091,6.4610180197
337,16,-114.1799697876,47.9064064026,6.5255101704
337,17,-114.2139892578,47.896686554,2.7567128251
337,18,-114.2334289551,47.8723869324,3.0662982443
337,19,-114.2966079712,47.8529472351,5.185304308
337,20,-114.3452072144,47.8237876892,4.8652175539
337,21,-114.3209075928,47.7849082947,4.688667636
337,22,-114.2528686523,47.789768219,5.1118418945
337,23,-114.1848297119,47.6974258423,11.4592437147
337,24,-114.1167907715,47.677986145,5.5326728877
337,25,-114.0924911499,47.3232078552,39.4917558888
337,26,-114.1362304688,47.2989044189,4.2634773444
337,27,-114.1653900146,47.2746047974,3.4839898053
337,28,-114.1216506958,47.2260055542,6.3326353965
337,29,-114.077911377,47.1725463867,6.8011708801
337,30,-114.0195922852,47.1385269165,5.8099204293
337,31,-114.0244522095,47.0704841614,7.5749451019
337,32,-114.0681915283,47.0607643127,3.4847276477
337,33,-114.1119308472,47.0267448425,5.0292868459
337,34,-114.1216506958,46.9975852966,3.3250847322
337,35,-114.1165542603,46.9415473938,6.2431185744
338,1,-120.5314712524,46.9698753357,486.7510580407
338,2,-120.4891052246,46.960849762,3.3679056779
338,3,-120.365524292,46.9625549316,9.3803610546
338,4,-120.2865371704,46.9387435913,6.5541077386
338,5,-120.2051696777,46.9328575134,6.2124673254
338,6,-119.9821853638,46.9392547607,16.9451202426
338,7,-119.9645462036,46.9460601807,1.538121152
338,8,-119.959526062,46.9672966003,2.3919226598
338,9,-119.9787139893,47.0091362,4.8746954459
338,10,-119.8535079956,47.0825271606,12.5138608455
338,11,-119.8189163208,47.0988578796,3.1867782635
338,12,-119.2247543335,47.0982513428,44.9748925999
338,13,-119.1403884888,47.0844306946,6.5692026433
338,14,-118.6962051392,47.0814323425,33.6338243467
338,15,-118.6512069702,47.0925445557,3.6240161645
338,16,-118.5770874023,47.1113243103,5.9861449358
338,17,-118.3879013062,47.1101417542,14.3177211207
338,18,-118.3620071411,47.114074707,2.0077607397
338,19,-118.1462097168,47.2285842896,20.6934778829
338,20,-118.0570755005,47.28673172,9.330335966
338,21,-118.022567749,47.3007736206,3.0349228751
338,22,-117.9752655029,47.308467865,3.6678318472
338,23,-117.9293670654,47.3225746155,3.7990420107
338,24,-117.8710784912,47.3606414795,6.0996932466
338,25,-117.7911224365,47.4378929138,10.4882657794
338,26,-117.7201461792,47.4962120056,8.3974529147
338,27,-117.5968551636,47.5662460327,12.0964700887
338,28,-117.5702362061,47.5893554688,3.2542219947
338,29,-117.5280609131,47.6010246277,3.4183878219
338,30,-117.4658889771,47.6325302124,5.8300359102
338,31,-117.4491424561,47.6390266418,1.4478562124
338,32,-117.4169769287,47.6474075317,2.58366756
338,33,-117.3303527832,47.6467208862,6.489596095
338,34,-117.2814331055,47.6689109802,4.4172734475
338,35,-117.2344055176,47.6662406921,3.5340203806
338,36,-117.1484298706,47.6636009216,6.4450523801
338,37,-117.0389709473,47.6917419434,8.7720213732
338,38,-116.9845428467,47.7142906189,4.7828069344
338,39,-116.8890991211,47.7137908936,7.1408782138
338,40,-116.7802658081,47.6970939636,8.3527075576
338,41,-116.7374191284,47.6579055786,5.4109584312
338,42,-116.6912002563,47.6334266663,4.4042311939
338,43,-116.6422348022,47.6254882813,3.7739943972
338,44,-116.6126785278,47.6295471191,2.2604479805
338,45,-116.530166626,47.6214752197,6.2484429871
338,46,-116.4808044434,47.5835800171,5.6082744358
338,47,-116.4366073608,47.5742034912,3.4752763024
338,48,-116.3923721313,47.5708007813,3.3399567963
338,49,-116.3296356201,47.5410728455,5.7524870338
338,50,-116.2270812988,47.5396194458,7.6998799445
338,51,-116.1572341919,47.5502510071,5.3742107811
338,52,-116.0655670166,47.536781311,7.0416606666
338,53,-116.0290908813,47.5103187561,4.0199626215
338,54,-115.910484314,47.4703483582,9.9584484395
338,55,-115.8276290894,47.4600143433,6.3335055533
338,56,-115.7258071899,47.4623336792,7.6590830083
338,57,-115.6885757446,47.4491119385,3.1618587365
338,58,-115.685760498,47.4477005005,0.2635271178
338,59,-115.6494827271,47.4294242859,3.402114995
338,60,-115.4733276367,47.4064407349,13.4979738157
338,61,-115.3881530762,47.3875465393,6.7465117987
338,62,-115.3110961914,47.366859436,6.241554907
338,63,-115.1990661621,47.3070678711,10.7457362676
338,64,-115.1412200928,47.2975692749,4.4879140426
338,65,-115.1017150879,47.3007049561,2.9993737972
338,66,-115.0649719238,47.278137207,3.7386060831
338,67,-115.0405578613,47.2460823059,4.012321678
338,68,-115.0200424194,47.2402763367,1.677864164
338,69,-114.9846496582,47.2406845093,2.672282824
338,70,-114.9635772705,47.2316436768,1.8819445098
338,71,-114.9200973511,47.192855835,5.4210536515
338,72,-114.8197402954,47.1421432495,9.4528053616
338,73,-114.7800292969,47.0749015808,8.0583281802
338,74,-114.7410736084,47.0269622803,6.0931108777
338,75,-114.7169189453,47.013710022,2.3503725222
338,76,-114.6680831909,47.0216178894,3.8052134411
338,77,-114.591217041,46.9950332642,6.5350206922
338,78,-114.530632019,47.0146255493,5.0844166331
338,79,-114.4298248291,46.989818573,8.1268209776
338,80,-114.3988571167,47.0328674316,5.3316386285
338,81,-114.3168716431,47.0363426208,6.2253250138
338,82,-114.2089920044,47.0066413879,8.819448457
338,83,-114.1259384155,46.9438514709,9.4049531734
338,84,-114.1165542603,46.9415473938,0.7570762588
339,1,-103.7964706421,48.9999084473,800.9224231613
339,2,-103.7860488892,48.910243988,9.9992299831
339,3,-103.6243591309,48.9042549133,11.836035915
339,4,-103.6183700562,48.1796302795,80.5757892563
339,5,-103.7261657715,48.1317214966,9.6082399453
339,6,-103.6662826538,48.0658454895,8.5692807182
339,7,-103.6303482056,47.8083343506,28.758788793
339,8,-103.277015686,47.8143234253,26.3937093332
339,9,-103.2830047607,47.6765823364,15.3226552109
339,10,-103.2530593872,47.5687866211,12.1946359021
339,11,-103.2410888672,47.3771514893,21.3278400251
339,12,-103.1692199707,47.341217041,6.7283646498
339,13,-103.1991653442,47.2753448486,7.6647275343
339,14,-103.2111434937,47.1615600586,12.6845909918
339,15,-103.1871871948,47.1316146851,3.7907462351
339,16,-103.1733398438,46.9030761719,25.4339965494
340,1,-96.8564910889,46.8449554443,480.0788951093
340,2,-96.8581314087,46.8726501465,3.0820349821
340,3,-96.8666534424,46.922794342,5.6132507123
340,4,-96.9290237427,47.0051956177,10.3128462144
340,5,-97.0683441162,47.3457374573,39.3035026343
340,6,-97.0918502808,47.3768768311,3.8889376655
340,7,-97.0869598389,47.4356269836,6.5430777897
340,8,-97.103263855,47.4908409119,6.2606538842
340,9,-97.0838088989,47.5728683472,9.237243065
340,10,-97.0889434814,47.7714996338,22.090137085
340,11,-97.0889358521,47.8665847778,10.5729856319
340,12,-97.1025085449,47.897731781,3.6082602443
340,13,-97.1020202637,47.9277191162,3.3346381178
340,14,-97.1089630127,47.9959526062,7.6048085222
340,15,-97.1150970459,48.0401382446,4.9343561804
340,16,-97.1545944214,48.0573310852,3.503542122
340,17,-97.1538772583,48.0961036682,4.3116437371
340,18,-97.1947937012,48.1646499634,8.2046377447
340,19,-97.1977615356,48.2137870789,5.4682256082
340,20,-97.2034454346,48.4050331116,21.2697428501
340,21,-97.2055740356,48.572177887,18.5863130509
340,22,-97.1987304688,48.7079658508,15.1073033561
340,23,-97.2473373413,48.779335022,8.6994941837
340,24,-97.2484130859,48.795135498,1.7586994973
340,25,-97.2680053711,48.9545707703,17.7862023868
340,26,-97.2552337646,48.9999389648,5.1301049473
341,1,-102.2469711304,48.8912811279,364.6812643177
341,2,-102.2469711304,48.8084373474,9.2118080975
341,3,-102.079284668,48.8024482727,12.298555534
341,4,-102.0733032227,48.7006416321,11.3288723245
341,5,-101.9834671021,48.6048240662,12.532583174
341,6,-101.9954452515,48.5569152832,5.3995938871
341,7,-101.5103683472,48.311378479,45.0123290768
341,8,-101.4085617065,48.2455024719,10.5078777842
341,9,-101.2887878418,48.2095718384,9.7303450405
341,10,-101.2827987671,47.6466407776,62.5966684901
341,11,-101.0492401123,47.3232536316,40.0133159168
341,12,-100.7917327881,47.1615600586,26.4791409057
341,13,-100.7637939453,46.8403015137,35.7850946765
342,1,-96.8564910889,46.8449554443,297.1508033521
342,2,-96.9061965942,46.8466148376,3.7847714764
342,3,-96.9496231079,46.8695602417,4.1728589055
342,4,-97.2120437622,46.8731307983,19.9524173171
342,5,-97.6102600098,46.8752403259,30.2705475527
342,6,-97.6772232056,46.9119148254,6.5207708597
342,7,-97.7874679565,46.914188385,8.3777942225
342,8,-97.9843597412,46.914680481,14.9552323155
342,9,-98.0211868286,46.9047889709,3.0059420267
342,10,-98.0893936157,46.908203125,5.1953791315
342,11,-98.1139068604,46.9019012451,1.9897319526
342,12,-98.1922988892,46.9029388428,5.9568063834
342,13,-98.2960739136,46.9026908875,7.8841048388
342,14,-98.3410339355,46.8903007507,3.6834860474
342,15,-98.6720199585,46.8915901184,25.1518215498
342,16,-98.7125549316,46.8835067749,3.2088781829
342,17,-99.0541152954,46.8842887878,25.9585050048
342,18,-99.114616394,46.874961853,4.7139147523
342,19,-99.3386535645,46.8731040955,17.0310663946
342,20,-99.4244384766,46.8718566895,6.5224632182
342,21,-99.4898071289,46.8873405457,5.2582410078
342,22,-99.7498550415,46.8832321167,19.768241902
342,23,-99.8549346924,46.8813896179,7.9888526615
342,24,-99.9057769775,46.8649978638,4.2729944782
342,25,-99.9276733398,46.8651924133,1.6648339287
342,26,-100.203994751,46.8639221191,21.0082928962
342,27,-100.2361297607,46.8592948914,2.4968447296
342,28,-100.2945327759,46.8360900879,5.1366747468
342,29,-100.6730270386,46.8448638916,28.8051058
342,30,-100.7637939453,46.8403015137,6.9221551665
343,1,-100.7637939453,46.8403015137,9.49352979660034E-005
343,2,-100.7721557617,46.839881897,0.6377209164
343,3,-100.8421936035,46.8323326111,5.3933012696
343,4,-100.9761428833,46.8628921509,10.738748079
343,5,-101.0468902588,46.8690223694,5.4215773501
343,6,-101.4083633423,46.859790802,27.5008540533
343,7,-101.7686691284,46.8610687256,27.395341588
343,8,-101.8959579468,46.8649101257,9.6870632501
343,9,-101.9832229614,46.8542861938,6.7394338089
343,10,-102.1005783081,46.8573379517,8.9300521368
343,11,-102.2453994751,46.8505401611,11.038374693
343,12,-102.2993621826,46.8677444458,4.5270844811
343,13,-102.3694992065,46.8759346008,5.4087899456
343,14,-102.5023269653,46.8719444275,10.1064453002
343,15,-102.6898651123,46.8848724365,14.3265433547
343,16,-102.7765274048,46.9003562927,6.8065661909
343,17,-102.8755569458,46.8938598633,7.5589267247
343,18,-103.0985946655,46.8941230774,16.9475610083
343,19,-103.1733398438,46.9030761719,5.7656299759
344,1,-89.6757659912,48.0182151794,1020.935630432
344,2,-89.863861084,47.875087738,21.2026796418
344,3,-90.3628234863,47.740447998,40.1578577684
344,4,-90.5133056641,47.7087669373,11.7944800357
344,5,-91.0439453125,47.4553260803,48.7672868227
344,6,-91.4953918457,47.1226844788,50.2740685354
344,7,-91.8913879395,46.8930053711,39.4181826986
344,8,-92.1063919067,46.7966690063,19.5483751467
345,1,-92.5343780518,47.3988761902,74.3872748973
345,2,-92.532913208,47.3682060242,3.4121496389
345,3,-92.4616317749,47.3206863403,7.5341970818
345,4,-92.4616317749,46.9484443665,41.3914189793
345,5,-92.1063919067,46.7966690063,31.843666952
346,1,-114.1165542603,46.9415473938,1667.7838684876
346,2,-114.0542831421,46.9262619019,5.0243718028
346,3,-113.9730911255,46.8859329224,7.6258596273
346,4,-113.8950195313,46.8800544739,5.9693891671
346,5,-113.8500442505,46.8625030518,3.9367141552
346,6,-113.7494430542,46.8027687073,10.1333893704
346,7,-113.6954956055,46.7808265686,4.7770695132
346,8,-113.6991119385,46.7483253479,3.6244527727
346,9,-113.6832351685,46.7346305847,1.944880209
346,10,-113.5859146118,46.7331619263,7.4187557129
346,11,-113.4826889038,46.7057685852,8.4380633906
346,12,-113.4038619995,46.7060165405,6.0107089024
346,13,-113.3491210938,46.7256851196,4.7116362014
346,14,-113.2744140625,46.7227592468,5.7038520527
346,15,-113.2030258179,46.6969337463,6.1541159569
346,16,-113.1466369629,46.664604187,5.6060648065
346,17,-113.0164108276,46.6067276001,11.8438224115
346,18,-112.93699646,46.5965881348,6.1709918982
346,19,-112.9013671875,46.5845146179,3.0355811107
346,20,-112.837852478,46.543132782,6.6897061853
346,21,-112.7826690674,46.5276756287,4.5575840543
346,22,-112.7407150269,46.5020599365,4.2917768978
346,23,-112.7181091309,46.4738235474,3.5851385892
346,24,-112.7120742798,46.4346389771,4.3815828466
346,25,-112.7288742065,46.2769432068,17.582304902
346,26,-112.7378082275,46.2506332397,3.0050678596
346,27,-112.7693099976,46.210811615,5.0476041844
346,28,-112.7820510864,46.1552848816,6.2517213376
346,29,-112.7883529663,46.1078147888,5.3007245919
346,30,-112.781829834,46.0865325928,2.419333994
346,31,-112.7716140747,46.0614700317,2.8961039238
346,32,-112.7123031616,46.014705658,6.9281461675
346,33,-112.6263580322,46.0055541992,6.7149516047
347,1,-112.4715805054,45.9679527283,12.6681302271
347,2,-112.4546890259,46.0136680603,5.2481408341
347,3,-112.4222183228,46.0565719604,5.3890823672
347,4,-112.3965759277,46.1235389709,7.7044845356
347,5,-112.3776550293,46.1499404907,3.2777797873
347,6,-112.3370513916,46.1760635376,4.2680396868
347,7,-112.3358459473,46.2117881775,3.9734821654
347,8,-112.3461303711,46.2245178223,1.6216188689
347,9,-112.3388061523,46.2444419861,2.2859658091
347,10,-112.347694397,46.2585029602,1.7063491928
347,11,-112.3350830078,46.2787132263,2.4474456698
347,12,-112.2871704102,46.2857780457,3.7648354886
347,13,-112.248550415,46.2826004028,2.988705821
347,14,-112.2123947144,46.2726249695,2.9919222555
347,15,-112.2045288086,46.2540016174,2.157301065
347,16,-112.1851272583,46.2583618164,1.5684840728
347,17,-112.1581268311,46.240436554,2.8780684524
347,18,-112.1339492798,46.2382011414,1.8759806336
347,19,-112.1077423096,46.2455177307,2.1734373062
347,20,-112.1108779907,46.2653503418,2.2184247183
347,21,-112.0714797974,46.3258514404,7.3770135969
347,22,-112.0449676514,46.345539093,2.9892010484
347,23,-112.0438461304,46.3780708313,3.6183878449
347,24,-111.9960021973,46.4176216125,5.7273066749
347,25,-111.9711761475,46.4749908447,6.6567079493
347,26,-111.9346313477,46.5121955872,4.994070002
347,27,-111.9318084717,46.531829834,2.1938857153
347,28,-111.9940719604,46.5823287964,7.3617529007
347,29,-112.017868042,46.6089096069,3.4701100158
347,30,-112.0199432373,46.7040367126,10.5788372057
347,31,-112.0208892822,46.7440299988,4.447635165
347,32,-112.0348968506,46.7693443298,3.0103020514
347,33,-112.0300979614,46.7889213562,2.2073242938
347,34,-112.0038070679,46.8031272888,2.5496421284
347,35,-112.0111236572,46.837852478,3.9011916061
347,36,-112.0353927612,46.8594055176,3.0249063744
347,37,-112.1107635498,46.8731384277,5.9299998615
347,38,-112.1161804199,46.8986053467,2.8615579579
347,39,-112.1385040283,46.9113464355,2.2098164728
347,40,-112.146697998,46.9263420105,1.7797822282
347,41,-112.1394424438,46.9435462952,1.9907695653
347,42,-112.1010360718,46.9679222107,3.9804051181
347,43,-112.0819091797,47.0099868774,4.8972065148
347,44,-112.0513076782,47.0185432434,2.5075453623
347,45,-112.0038375854,47.0471725464,4.8039009643
347,46,-111.9331436157,47.108505249,8.6699511024
347,47,-111.8914794922,47.1124839783,3.1839356136
347,48,-111.868598938,47.123588562,2.126518245
347,49,-111.828453064,47.1509361267,4.2974657444
347,50,-111.772895813,47.2316398621,9.9072514438
347,51,-111.7320709229,47.2491645813,3.6463580514
347,52,-111.7178115845,47.2783966064,3.4239198512
347,53,-111.529914856,47.4248771667,21.5791696538
347,54,-111.3705368042,47.4631462097,12.718574343
347,55,-111.3710784912,47.4857177734,2.5101735535
347,56,-111.3759231567,47.5108032227,2.8130186016
347,57,-111.3969421387,47.5303916931,2.6898973288
347,58,-111.5437316895,47.5668144226,11.7377871244
347,59,-111.5766525269,47.5960655212,4.0836768832
347,60,-111.592666626,47.6368408203,4.6902066384
347,61,-111.6493911743,47.6921539307,7.4748773608
347,62,-111.6695327759,47.7173576355,3.1820913327
347,63,-111.6699371338,47.8109512329,10.4071770842
347,64,-111.713470459,47.8476638794,5.2178290111
347,65,-111.7180557251,47.9073257446,6.6429047579
347,66,-111.7300643921,47.9340744019,3.1060154714
347,67,-111.8245391846,48.0197410583,11.8403589332
347,68,-111.8979110718,48.1272010803,13.1337845154
347,69,-111.912612915,48.1642036438,4.2566293456
347,70,-111.9127655029,48.1794433594,1.6946168315
347,71,-111.9258499146,48.2200813293,4.6216233567
347,72,-111.9309234619,48.3024673462,9.1686027393
347,73,-111.9307250977,48.3828353882,8.9365305594
347,74,-111.8924102783,48.4114723206,4.2592866549
347,75,-111.8870697021,48.5046310425,10.3662606303
347,76,-111.862991333,48.5245513916,2.8376059001
347,77,-111.8677062988,48.7305221558,22.905525321
347,78,-111.8657913208,48.8401298523,12.1886272747
347,79,-111.9246673584,48.901058197,8.0276250194
347,80,-111.9588317871,48.9810066223,9.2334128205
348,1,-112.4715805054,45.9679527283,337.2430869361
348,2,-112.5004730225,45.9670829773,2.235132951
348,3,-112.5247268677,45.9765853882,2.1516850947
348,4,-112.5534057617,45.9789047241,2.2310757719
348,5,-112.5719146729,46.0060806274,3.3430427512
348,6,-112.6263580322,46.0055541992,4.2053056184
349,1,-103.1733398438,46.9030761719,730.5412528667
349,2,-103.1794509888,46.9038085938,0.4713630759
349,3,-103.2577514648,46.9074668884,5.9622692176
349,4,-103.3746795654,46.8988723755,8.9345284192
349,5,-103.5781936646,46.9427871704,16.2093061972
349,6,-103.6651535034,46.954044342,6.7185780248
349,7,-103.8997039795,46.9383506775,17.8902867334
349,8,-103.9860534668,46.9388465881,6.5560456196
349,9,-104.0462875366,46.9460525513,4.6424245438
349,10,-104.0857009888,46.950756073,3.0371652146
349,11,-104.1435775757,46.9883460999,6.0627280887
349,12,-104.1914825439,47.0038948059,4.0235337197
349,13,-104.2992248535,47.0096702576,8.1947764707
349,14,-104.3972396851,47.0539588928,8.9126337509
349,15,-104.5760574341,47.1107215881,14.9385698294
349,16,-104.619972229,47.1059417725,3.3657388657
349,17,-104.6814651489,47.1281585693,5.2682022379
349,18,-104.7367095947,47.1237373352,4.2083770883
349,19,-104.7505340576,47.1094245911,1.9045158707
349,20,-104.8699569702,46.975566864,17.4192498476
349,21,-104.939163208,46.9347190857,6.9441062151
349,22,-105.11328125,46.8618240356,15.5149866819
349,23,-105.1471786499,46.8275871277,4.597763932
349,24,-105.2341308594,46.7965507507,7.4630272015
349,25,-105.2923202515,46.7891349792,4.5059524889
349,26,-105.3815917969,46.7478942871,8.2010816977
349,27,-105.5733337402,46.5674209595,24.8365665906
349,28,-105.6899261475,46.5027618408,11.4555905198
349,29,-105.7501144409,46.4580001831,6.7832211155
349,30,-105.7801361084,46.4218597412,4.6304913576
349,31,-105.8225708008,46.3832588196,5.386152142
349,32,-105.8739700317,46.3605651855,4.681699081
349,33,-105.9603805542,46.3208618164,7.9681759328
349,34,-106.2537078857,46.256313324,23.6540877328
349,35,-106.2916793823,46.2515563965,2.9670522237
349,36,-106.4058914185,46.264251709,8.8935593559
349,37,-106.4924926758,46.2585716248,6.6875144432
349,38,-106.5840682983,46.2628250122,7.05599554
349,39,-106.669921875,46.2552146912,6.65445664
349,40,-106.74634552,46.2426948547,6.0391828051
349,41,-106.8277130127,46.2387428284,6.2730392424
349,42,-106.9080505371,46.2416343689,6.1868376441
349,43,-107.0338058472,46.2595176697,9.87192015
349,44,-107.204246521,46.2611160278,13.1043884464
349,45,-107.2202911377,46.252948761,1.5318007382
349,46,-107.2433929443,46.2143669128,4.6435274119
349,47,-107.2944335938,46.1700668335,6.3008172354
349,48,-107.341758728,46.1574630737,3.9048427011
349,49,-107.5023956299,46.1396789551,12.5316414556
349,50,-107.6253128052,46.1057624817,10.1964355248
349,51,-107.7718276978,46.0390129089,13.5215564715
349,52,-107.9339523315,45.9863204956,13.8231964659
349,53,-108.1117324829,45.9471588135,14.4139436634
349,54,-108.2818908691,45.8942642212,14.4166158107
349,55,-108.3536224365,45.8603782654,6.710677245
349,56,-108.4005584717,45.8281745911,5.1030051322
350,1,-108.4005584717,45.8281745911,0
350,2,-108.4238739014,45.8150520325,2.3223825295
350,3,-108.4328842163,45.7932357788,2.5244004079
350,4,-108.4398345947,45.770111084,2.6272290979
350,5,-108.4560165405,45.7581329346,1.8302020887
350,6,-108.5424499512,45.7516021729,6.7450541373
350,7,-108.7077331543,45.678188324,15.2089394738
350,8,-108.7535247803,45.66147995,4.0139586531
350,9,-108.8154144287,45.6693611145,4.8885270334
350,10,-108.9025268555,45.6492843628,7.128666929
350,11,-109.052520752,45.6057624817,12.6277715011
350,12,-109.1183166504,45.6051216125,5.1188554091
350,13,-109.2363357544,45.6550941467,10.7280573536
350,14,-109.3152923584,45.6552200317,6.1367201756
350,15,-109.3667755127,45.6948661804,5.9526682097
350,16,-109.4763641357,45.6776542664,8.7252597921
350,17,-109.5609130859,45.6737442017,6.5833169869
350,18,-109.6139984131,45.683921814,4.2766339482
350,19,-109.6617279053,45.7075920105,4.5463218251
350,20,-109.7620697021,45.712059021,7.8070148296
350,21,-109.8007659912,45.7585144043,5.9752035146
350,22,-109.8735656738,45.8053321838,7.6792818169
350,23,-109.902885437,45.8260574341,3.2363711701
350,24,-109.9542160034,45.8293113708,3.9936546788
350,25,-109.9977111816,45.8108940125,3.9439561357
350,26,-110.0220413208,45.7905578613,2.9445986611
350,27,-110.0656967163,45.7601966858,4.7812653578
350,28,-110.224067688,45.7195472717,13.0951590493
350,29,-110.2774276733,45.6758346558,6.3874381352
350,30,-110.3924636841,45.6970291138,9.2414419809
350,31,-110.4538650513,45.6899871826,4.83285371
350,32,-110.5006713867,45.6675796509,4.4080921717
350,33,-110.5412216187,45.6349143982,4.8090884948
350,34,-110.5738677979,45.628288269,2.6431772371
350,35,-110.6734237671,45.6449546814,7.9590608727
350,36,-110.7524337769,45.6451530457,6.1420024474
350,37,-110.8731613159,45.631729126,9.5039947748
350,38,-110.9606552124,45.6689682007,7.9622511612
350,39,-111.0464401245,45.6828689575,6.8418315987
350,40,-111.0896759033,45.6961975098,3.6708172101
350,41,-111.1330413818,45.7287712097,4.9452940525
350,42,-111.174331665,45.7476921082,3.8333711533
350,43,-111.323600769,45.8322715759,14.9130336723
350,44,-111.5116882324,45.884437561,15.6780186101
350,45,-111.5272827148,45.8946266174,1.6554077618
350,46,-111.5454025269,45.9041252136,1.7554512726
350,47,-111.5930862427,45.9079399109,3.7137625324
350,48,-111.6552124023,45.9075622559,4.8069569142
350,49,-111.7638092041,45.9007987976,8.4363894722
350,50,-111.8619232178,45.8683509827,8.4078690193
350,51,-111.9195556641,45.8764801025,4.5525664688
350,52,-111.9762039185,45.8804244995,4.4071332764
350,53,-112.0381164551,45.8840713501,4.8095711113
350,54,-112.2652511597,45.9022712708,17.6943969243
350,55,-112.3468475342,45.8963890076,6.3479515149
350,56,-112.4285354614,45.9078674316,6.4485044983
350,57,-112.45362854,45.923828125,2.6302051211
350,58,-112.4715805054,45.9679527283,5.0989848272
351,1,-122.6717910767,45.5488319397,792.1507777862
351,2,-122.6828308105,45.5712623596,2.6380873396
351,3,-122.6882171631,45.5962295532,2.8076918935
351,4,-122.6735305786,45.6151657104,2.3955885345
351,5,-122.6705474854,45.6180229187,0.3934054373
351,6,-122.6590576172,45.6290588379,1.517977485
351,7,-122.6547851563,45.6402320862,1.2860512295
351,8,-122.6607589722,45.6798324585,4.4277669847
351,9,-122.6399230957,45.7113952637,3.8647353308
351,10,-122.7040634155,45.8654289246,17.8351778604
351,11,-122.749130249,45.9020271301,5.360030101
351,12,-122.758934021,45.9469985962,5.057767112
351,13,-122.8092575073,45.9902458191,6.1848213912
351,14,-122.8338699341,46.0240402222,4.2111933403
351,15,-122.8599014282,46.1031837463,9.0266313257
351,16,-122.8859710693,46.1451759338,5.0832326988
351,17,-122.8768310547,46.2644119263,13.2770819671
351,18,-122.8841934204,46.2879600525,2.6788737105
351,19,-122.9005737305,46.3460006714,6.5752837425
351,20,-122.8851394653,46.4022102356,6.3613921344
351,21,-122.8741607666,46.545955658,16.0058569937
351,22,-122.8785400391,46.5802116394,3.8237772769
351,23,-122.9604034424,46.6437454224,9.4344830976
351,24,-122.9704055786,46.6662826538,2.6197203568
351,25,-122.9696884155,46.7095069885,4.8066380164
351,26,-122.970123291,46.7508506775,4.5973279436
351,27,-122.9850540161,46.7764015198,3.0602880621
351,28,-122.9912796021,46.8009490967,2.7704128862
351,29,-122.9592971802,46.8584289551,6.8389211785
351,30,-122.9359664917,46.9458885193,9.8852715442
351,31,-122.8771362305,47.0321273804,10.5767293025
351,32,-122.7596969604,47.0531921387,9.2019631833
351,33,-122.6993713379,47.072265625,5.0376157205
351,34,-122.6184310913,47.0769729614,6.1518147926
351,35,-122.4926834106,47.1358718872,11.5527794593
351,36,-122.4638900757,47.1586418152,3.3394716321
351,37,-122.457572937,47.2269897461,7.6149180673
351,38,-122.4396286011,47.2281570435,1.3612000728
351,39,-122.3810119629,47.2304573059,4.4334494841
351,40,-122.3509216309,47.2302513123,2.2721519223
351,41,-122.3308334351,47.2379264832,1.7403240532
351,42,-122.3080596924,47.2866668701,5.6856281218
351,43,-122.2758026123,47.458694458,19.2822099788
351,44,-122.2746887207,47.4697875977,1.2363397156
351,45,-122.2618637085,47.5020561218,3.7152596995
351,46,-122.3135528564,47.5516624451,6.7444955249
351,47,-122.3229522705,47.5927619934,4.6241401697
352,1,-96.8564910889,46.8449554443,1916.4662112991
352,2,-96.7959518433,46.8450088501,4.6042860459
352,3,-96.7787094116,46.8445587158,1.3123242991
352,4,-96.7699279785,46.8452453613,0.6722186717
352,5,-96.7307052612,46.8454818726,2.9831590419
352,6,-96.6198806763,46.8299560547,8.6048103359
352,7,-96.5919418335,46.7854309082,5.3882713685
352,8,-96.4547729492,46.6904602051,14.8588639146
352,9,-96.391746521,46.6642456055,5.6229301529
352,10,-96.3826828003,46.65366745,1.3645552019
352,11,-96.3131256104,46.5583190918,11.8592739257
352,12,-96.2282333374,46.4347572327,15.1986528701
352,13,-96.1397018433,46.3357620239,12.9338083086
352,14,-96.1231994629,46.2892723083,5.3225349871
352,15,-96.1114273071,46.2705535889,2.2695413915
352,16,-96.0274658203,46.2144699097,8.9767545056
352,17,-95.914100647,46.1253128052,13.2095061467
352,18,-95.85521698,46.0597076416,8.5927004014
352,19,-95.8015060425,46.0200080872,6.055930296
352,20,-95.7353973389,46.0010414124,5.5238824902
352,21,-95.6125793457,45.9502105713,11.046474322
352,22,-95.4942779541,45.8816680908,11.9097942067
352,23,-95.4496307373,45.8730926514,3.585420014
352,24,-95.4161605835,45.8576011658,3.1118590092
352,25,-95.3899993896,45.8431549072,2.5857112103
352,26,-95.3608322144,45.8315811157,2.6003529273
352,27,-95.1406097412,45.8198394775,17.1139052869
352,28,-95.0432052612,45.7578811646,10.2227001544
352,29,-94.9527206421,45.7143707275,8.5277958672
352,30,-94.8778457642,45.6848449707,6.6776654674
352,31,-94.8027038574,45.6594161987,6.4871019173
352,32,-94.7045440674,45.6558914185,7.6389447699
352,33,-94.6306610107,45.6284942627,6.5016032544
352,34,-94.4810333252,45.5983734131,12.1104503818
352,35,-94.393447876,45.6038665771,6.8412475457
352,36,-94.3265075684,45.5614128113,7.0301755548
352,37,-94.2387390137,45.5453033447,7.0648435085
352,38,-94.2120132446,45.5357093811,2.3389021658
352,39,-94.1783828735,45.5203971863,3.1244412941
352,40,-94.1114654541,45.4375839233,10.5837312868
352,41,-94.0188980103,45.3762130737,9.9392928671
352,42,-93.8668899536,45.3258781433,13.1310126468
352,43,-93.8083877563,45.2939224243,5.7927221295
352,44,-93.7303695679,45.2808418274,6.2743809854
352,45,-93.6734161377,45.2515296936,5.521786217
352,46,-93.5799484253,45.2173614502,8.2463072477
352,47,-93.5217590332,45.1651725769,7.3803427828
352,48,-93.5056610107,45.1341133118,3.6771311139
352,49,-93.4337615967,45.0882492065,7.6054785351
353,1,-93.4337615967,45.0882492065,0
353,2,-93.3697433472,45.0768508911,5.1836217855
353,3,-93.3160247803,45.0756492615,4.2202038442
353,4,-93.2910385132,45.0681304932,2.1328140857
354,1,-93.0683288574,45.0363121033,17.8491170122
354,2,-93.0587921143,45.1247444153,9.8616928506
354,3,-93.0382766724,45.1527061462,3.5009295124
354,4,-93.034828186,45.2099304199,6.3687867527
354,5,-93.0107955933,45.2827796936,8.3160989552
354,6,-92.9916000366,45.5114555359,25.4717266569
354,7,-92.9857788086,45.761428833,27.7994468863
354,8,-92.9808349609,45.8672943115,11.7779380579
354,9,-92.9511260986,45.9747467041,12.1671533938
354,10,-92.9200897217,46.0080490112,4.4115217556
354,11,-92.9176635742,46.0502471924,4.6959605224
354,12,-92.8949203491,46.1057853699,6.4198931944
354,13,-92.8915328979,46.1420631409,4.0423432459
354,14,-92.8639678955,46.1679496765,3.5768046004
354,15,-92.8583602905,46.174041748,0.8033282212
354,16,-92.8228988647,46.240436554,7.8709499749
354,17,-92.8251037598,46.3109703064,7.844825957
354,18,-92.8114547729,46.3539352417,4.8910630431
354,19,-92.7320556641,46.4534950256,12.6341455945
354,20,-92.548828125,46.6007957458,21.5584048754
354,21,-92.536026001,46.6240196228,2.761321312
354,22,-92.4705734253,46.6681213379,7.0008405231
354,23,-92.4504852295,46.6924133301,3.1055874984
354,24,-92.426071167,46.6943130493,1.8739773066
354,25,-92.2977523804,46.6969909668,9.7908452926
354,26,-92.2024688721,46.7305603027,8.1673215182
354,27,-92.1941223145,46.7371520996,0.9705056987
354,28,-92.1246337891,46.7719955444,6.5601396166
354,29,-92.1045761108,46.7843093872,2.0512628553
354,30,-92.1063919067,46.7966690063,1.3812619973
355,1,-93.0857467651,45.0358428955,209.9371329879
355,2,-93.0683288574,45.0363121033,1.3696438352
356,1,-93.0857467651,45.0358428955,1.3696438352
356,2,-93.1902999878,45.0695648193,9.0285895905
356,3,-93.2482452393,45.0656738281,4.5711843392
356,4,-93.2910385132,45.0681304932,3.3718457206
357,1,-93.0857467651,45.0358428955,16.5215556596
357,2,-93.083442688,44.9806251526,6.1426041623
357,3,-93.09375,44.9561386108,2.8409589839
358,1,-69.5967254639,44.6090736389,1848.3848474941
358,2,-69.4658584595,44.6912574768,13.8087032203
358,3,-69.4262466431,44.7634468079,8.6155000803
358,4,-69.396522522,44.7934913635,4.0823124523
358,5,-69.3183822632,44.8245849609,7.0677576909
358,6,-69.2848358154,44.8252372742,2.6466881148
358,7,-69.1574859619,44.7864227295,10.9347755314
358,8,-68.9342727661,44.757598877,17.9093291841
358,9,-68.8450775146,44.7706375122,7.1896398155
358,10,-68.8272247314,44.801940918,3.7551185879
358,11,-68.8092727661,44.8259239197,3.0194438487
358,12,-68.7825775146,44.8294563293,2.1415903031
358,13,-68.7805862427,44.8297195435,0.1597363336
359,1,-70.3742828369,45.8183784485,166.15546034
359,2,-70.2169342041,45.604434967,26.743169657
359,3,-70.0986175537,45.550655365,10.9799332241
359,4,-70.0018157959,45.3642196655,22.0628033434
359,5,-69.9480361938,45.3391227722,5.0446542302
359,6,-69.9767150879,45.1813735962,17.6839459677
359,7,-69.9014282227,45.1132545471,9.603847323
359,8,-69.8297195435,44.9626731873,17.6664909465
359,9,-69.7221679688,44.7726554871,22.7656757062
359,10,-69.6468734741,44.733215332,7.3880654805
359,11,-69.6397018433,44.6973648071,4.0264723104
359,12,-69.6504592896,44.6579246521,4.4672666682
359,13,-69.5967254639,44.6090736389,6.8981659836
360,1,-72.0546951294,44.4254989624,195.9418399647
360,2,-72.0297088623,44.4926300049,7.7235481795
360,3,-72.029006958,44.538684845,5.1213669606
360,4,-72.0521774292,44.5796279907,4.9088588375
360,5,-72.1163787842,44.6229743958,7.0048377723
360,6,-72.1378860474,44.6807594299,6.6468173219
360,7,-72.1864547729,44.7133674622,5.280548733
360,8,-72.2257537842,44.7828025818,8.3212386534
360,9,-72.2218475342,44.8087654114,2.9033425489
360,10,-72.1753082275,44.864276886,7.1810375836
360,11,-72.1472396851,44.9483451843,9.6057797371
360,12,-72.134437561,44.9682579041,2.4325599276
360,13,-72.1108169556,44.9825401306,2.4442355943
360,14,-72.0886611938,45.0066108704,3.1936101649
361,1,-69.8253936768,44.220993042,199.3023000552
361,2,-69.81300354,44.2666816711,5.1753257646
361,3,-69.8150558472,44.3265151978,6.6551892265
361,4,-69.8075790405,44.344078064,2.0414312589
361,5,-69.73777771,44.4066619873,8.899743021
361,6,-69.7040786743,44.4534988403,5.8552322263
361,7,-69.6629867554,44.5649261475,12.8114602825
361,8,-69.6039428711,44.6045417786,6.4240977869
361,9,-69.5967254639,44.6090736389,0.7618329877
362,1,-93.09375,44.9561386108,1848.3848474941
362,2,-93.0654754639,44.9582672119,2.2373479875
362,3,-93.0457458496,44.9510231018,1.7490297488
362,4,-92.9683685303,44.951675415,6.089517772
362,5,-92.8475112915,44.9474372864,9.522633861
362,6,-92.7549514771,44.9559707642,7.3453494774
362,7,-92.7325820923,44.9580230713,1.7748821746
362,8,-92.7047653198,44.9564056396,2.1961499404
362,9,-92.6892547607,44.9558639526,1.2219625836
362,10,-92.5770187378,44.9561958313,8.8315927205
362,11,-92.5201721191,44.9401321411,4.817108296
362,12,-92.3753738403,44.9314422607,11.438645196
362,13,-92.1747741699,44.9301147461,15.7922172091
362,14,-91.9528579712,44.9074172974,17.6545817787
362,15,-91.9257125854,44.9051704407,2.1523888028
362,16,-91.8055648804,44.8972473145,9.5040119998
362,17,-91.7471084595,44.8827133179,4.8803998491
362,18,-91.5805206299,44.8283462524,14.4559801795
362,19,-91.5254898071,44.7748756409,7.3622356425
362,20,-91.4691696167,44.7620239258,4.6701434703
362,21,-91.4345016479,44.7638969421,2.7449936131
362,22,-91.4120330811,44.7651367188,1.7792235094
362,23,-91.3827362061,44.7523155212,2.7172337374
362,24,-91.3299179077,44.7010269165,7.0665362272
362,25,-91.2910232544,44.6394996643,7.5010892697
362,26,-91.2448120117,44.614566803,4.5891150623
362,27,-91.2073898315,44.5808372498,4.7797331211
362,28,-91.1570053101,44.5376930237,6.2410482224
362,29,-91.0666503906,44.4279594421,14.1515572205
362,30,-91.0166397095,44.3952445984,5.3863329913
362,31,-90.8474502563,44.3122634888,16.3124220197
362,32,-90.8274078369,44.299697876,2.1203247854
362,33,-90.5493240356,44.1526985168,27.5346667195
362,34,-90.5258255005,44.1159629822,4.4947123489
362,35,-90.5192947388,44.0636100769,5.8446972414
362,36,-90.5033874512,44.0204467773,4.9651010278
362,37,-90.4411468506,43.9803581238,6.6824516837
363,1,-70.2994689941,43.7208213806,1611.361688289
363,2,-70.2890167236,43.7264480591,1.0473441936
363,3,-70.2766036987,43.7333908081,1.2612554492
363,4,-70.2629241943,43.7402992249,1.3408779808
363,5,-70.2525482178,43.7445526123,0.9583688057
363,6,-70.2428588867,43.7479286194,0.8641263077
363,7,-70.2293930054,43.7507362366,1.1257878497
363,8,-70.2178726196,43.7526855469,0.9503755807
363,9,-70.2103042603,43.7520065308,0.6125620635
363,10,-70.2040100098,43.7513694763,0.5104987267
363,11,-70.1694564819,43.8023262024,6.3088218716
363,12,-70.1232147217,43.8347053528,5.1698351483
363,13,-70.1121139526,43.8512458801,2.0433571841
363,14,-70.1020736694,43.8714599609,2.387496549
363,15,-70.0527648926,43.91147995,5.9510647325
363,16,-69.9884262085,43.9250450134,5.3695499275
363,17,-69.9543762207,43.9527282715,4.1120038369
363,18,-69.8735351563,44.0697021484,14.5250040838
363,19,-69.8311538696,44.1376991272,8.283663102
363,20,-69.8211593628,44.1757049561,4.3006111086
363,21,-69.8253936768,44.220993042,5.0471060684
364,1,-70.2994689941,43.7208213806,67.3237397976
364,2,-70.3014373779,43.7313499451,1.1813593855
364,3,-70.2998352051,43.7490768433,1.9753390519
364,4,-70.2994155884,43.7686653137,2.1783992198
364,5,-70.3024597168,43.7942619324,2.8566867519
364,6,-70.3070297241,43.8153610229,2.3746031062
364,7,-70.3122634888,43.8360099792,2.3341317086
364,8,-70.3157272339,43.8538818359,2.0065796179
364,9,-70.3175048828,43.868057251,1.5826644402
364,10,-70.3207626343,43.8781776428,1.1552370684
364,11,-70.3218154907,43.8823127747,0.4674847742
364,12,-70.3220748901,43.901008606,2.0789855091
364,13,-70.3218078613,43.9178657532,1.8745513051
364,14,-70.3162307739,43.9386787415,2.3570022478
364,15,-70.3129959106,43.9513511658,1.4327117613
364,16,-70.307182312,43.9648590088,1.5724364287
364,17,-70.2989578247,43.9874267578,2.5942824377
364,18,-70.2897186279,44.0054016113,2.130976529
364,19,-70.2806625366,44.0197410583,1.7512380339
364,20,-70.2719039917,44.0286064148,1.2092000188
364,21,-70.264541626,44.0352401733,0.9436816563
364,22,-70.2573776245,44.0382270813,0.6620139617
364,23,-70.2515106201,44.040802002,0.5494651166
364,24,-70.236656189,44.0444831848,1.255884559
364,25,-70.2204437256,44.049949646,1.4312401031
364,26,-70.2093505859,44.0546455383,1.0288706648
364,27,-70.1976394653,44.0593299866,1.0710336187
364,28,-70.1840515137,44.0630455017,1.1616863255
364,29,-70.1570205688,44.0681877136,2.2341384247
364,30,-70.1441497803,44.0705528259,1.0613879177
364,31,-70.1312026978,44.0742797852,1.1142652796
364,32,-70.1095962524,44.0845870972,2.0718073202
364,33,-70.0899429321,44.0940475464,1.8895444804
364,34,-70.0728530884,44.1031150818,1.6967550096
364,35,-70.050491333,44.1152267456,2.236345034
364,36,-70.030708313,44.1264877319,2.0153537695
364,37,-70.0124206543,44.134147644,1.6899034717
364,38,-70.0001373291,44.1369743347,1.0294167115
364,39,-69.9798049927,44.1358985901,1.6269800189
364,40,-69.9632263184,44.1358566284,1.3230449606
364,41,-69.9480361938,44.134021759,1.2292945171
364,42,-69.9384613037,44.1341896057,0.7643608619
364,43,-69.9201583862,44.1418380737,1.6901502774
364,44,-69.9023742676,44.1513175964,1.7676461794
364,45,-69.8757171631,44.1701126099,2.9815188242
364,46,-69.8583908081,44.1823387146,1.9384133966
364,47,-69.848777771,44.1934509277,1.4540460383
364,48,-69.8399124146,44.2027435303,1.2518671731
364,49,-69.8344497681,44.2085113525,0.7751945001
364,50,-69.8310470581,44.2120475769,0.4776681948
364,51,-69.8253936768,44.220993042,1.0919698004
365,1,-72.3625030518,43.628616333,213.5915919202
365,2,-72.358291626,43.646320343,1.9975562466
365,3,-72.3513870239,43.6703643799,2.7306639729
365,4,-72.3345108032,43.7138671875,5.0239889037
365,5,-72.2423171997,43.7782516479,10.3004835652
365,6,-72.212348938,43.8821525574,11.8006990628
365,7,-72.1698150635,43.9298629761,6.3052365077
365,8,-72.1299819946,44.0158691406,10.080686021
365,9,-72.0965042114,44.1443557739,14.5351742869
365,10,-72.0854873657,44.1961631775,5.8273461124
365,11,-72.0938873291,44.2605552673,7.1912872595
365,12,-72.0598068237,44.3138580322,6.5183116732
365,13,-72.019241333,44.3470001221,4.8981411122
365,14,-72.015007019,44.3606185913,1.5512772487
365,15,-72.0170669556,44.3775177002,1.8862156142
365,16,-72.0343780518,44.3978385925,2.6453599458
365,17,-72.0546951294,44.4254989624,3.4733531929
366,1,-72.3625030518,43.628616333,91.9629973
366,2,-72.377456665,43.6379089355,1.586193713
366,3,-72.3905792236,43.6448974609,1.3110724432
366,4,-72.4158706665,43.6725196838,3.6842028696
366,5,-72.4102249146,43.7248191833,5.8331237036
366,6,-72.434173584,43.7847633362,6.9374687854
366,7,-72.4510269165,43.7963485718,1.868038157
366,8,-72.4738464355,43.7961578369,1.8316426798
366,9,-72.5054016113,43.7732887268,3.5893308651
366,10,-72.5180664063,43.773891449,1.0190820672
366,11,-72.5453796387,43.8006057739,3.6920185716
366,12,-72.5939712524,43.8111495972,4.0718298637
366,13,-72.6144180298,43.8655662537,6.2691475161
366,14,-72.6190795898,44.0113868713,16.2188083298
366,15,-72.6012115479,44.1383247375,14.1868383156
366,16,-72.5719451904,44.197265625,6.9572194929
366,17,-72.5893478394,44.2498664856,6.0110913267
366,18,-72.6357345581,44.2909164429,5.8716395588
366,19,-72.6804122925,44.3246459961,5.1676891096
366,20,-72.737449646,44.3484535217,5.2522336721
366,21,-72.7666931152,44.3569297791,2.5089131246
366,22,-72.8659057617,44.3856239319,8.5069068342
366,23,-72.9117584229,44.3964920044,3.8385475131
366,24,-72.9614105225,44.411026001,4.2626336637
366,25,-72.9880142212,44.4285507202,2.8742562469
366,26,-73.0046310425,44.4295921326,1.3245511503
366,27,-73.108833313,44.4348869324,8.2947836952
366,28,-73.1872940063,44.454082489,6.5841972523
366,29,-73.1787261963,44.4750061035,2.4239150257
366,30,-73.1702194214,44.4900016785,1.7988282224
366,31,-73.1744537354,44.510093689,2.2592281722
366,32,-73.1820373535,44.5183486938,1.0973329268
366,33,-73.1843338013,44.5407066345,2.4927453577
366,34,-73.1607131958,44.5852584839,5.2955982707
366,35,-73.158531189,44.6057701111,2.2873232587
366,36,-73.1330795288,44.6398200989,4.2886654942
366,37,-73.1287231445,44.6794776917,4.4231637207
366,38,-73.0912094116,44.699760437,3.7256990147
366,39,-73.0627746582,44.7123413086,2.6470323984
366,40,-73.0672531128,44.7598228455,5.2915433035
366,41,-73.0600204468,44.8177223206,6.4633793495
366,42,-73.0945358276,44.9306907654,12.8525847935
366,43,-73.0712127686,44.9857711792,6.3936899079
366,44,-73.073059082,45.0077629089,2.4496744712
367,1,-84.3394622803,46.5182647705,889.1435694179
367,2,-84.3751907349,46.4777374268,5.271351647
367,3,-84.4093551636,46.3688774109,12.384700676
367,4,-84.4154205322,46.3328590393,4.0320243118
367,5,-84.4379730225,46.3052520752,3.5246278886
367,6,-84.4777755737,46.2755355835,4.5023973373
367,7,-84.5465393066,46.2454872131,6.2537997655
367,8,-84.5609970093,46.2281265259,2.2277740575
367,9,-84.5623779297,46.191947937,4.0242786665
367,10,-84.5709609985,46.1473236084,5.0058243939
367,11,-84.6334609985,46.1106033325,6.3142212696
367,12,-84.6885070801,46.0580101013,7.2266039302
367,13,-84.7564163208,45.9618721008,11.9072443482
367,14,-84.7588653564,45.9092674255,5.8524382177
367,15,-84.731803894,45.8574676514,6.1289378189
367,16,-84.7309494019,45.8482284546,1.0294810906
367,17,-84.7331695557,45.7746086121,8.1879612931
367,18,-84.7261505127,45.7267341614,5.3511812979
367,19,-84.7028884888,45.696144104,3.8512536866
367,20,-84.6441192627,45.6606292725,6.0366907596
367,21,-84.6368331909,45.6443367004,1.8981036677
367,22,-84.6203308105,45.5668334961,8.7130521964
367,23,-84.6203613281,45.4684295654,10.94201811
367,24,-84.6118469238,45.4424934387,2.9594440338
367,25,-84.5836868286,45.4098968506,4.2387508082
367,26,-84.5840682983,45.3870315552,2.5426792964
367,27,-84.5991973877,45.3313064575,6.3080915675
367,28,-84.5794448853,45.2820968628,5.6857222202
367,29,-84.5807800293,45.255153656,2.9977693144
367,30,-84.6688842773,45.1664199829,12.0410724647
367,31,-84.6732559204,45.1235923767,4.7745386094
367,32,-84.6971664429,45.0970191956,3.5002386437
367,33,-84.6986999512,45.0303230286,7.4172533111
367,34,-84.6972045898,45.0060462952,2.7020072637
367,35,-84.6592788696,44.9854812622,3.7580052567
367,36,-84.6481628418,44.969543457,1.9761599352
367,37,-84.6711654663,44.9100379944,6.8599397165
367,38,-84.6704406738,44.8661422729,4.8813154951
367,39,-84.6977920532,44.8442764282,3.2495841944
367,40,-84.708732605,44.8172531128,3.1262606451
367,41,-84.7096710205,44.7588119507,6.4987827066
367,42,-84.6849899292,44.6898574829,7.9114447028
367,43,-84.687461853,44.6552352905,3.8547711729
367,44,-84.708984375,44.6235809326,3.910083902
367,45,-84.7088623047,44.5710525513,5.840897508
367,46,-84.656867981,44.5084457397,8.0897900045
367,47,-84.5976867676,44.4578819275,7.3249512501
367,48,-84.5785827637,44.3681526184,10.0921687555
367,49,-84.5564651489,44.3467941284,2.9550769386
367,50,-84.4993133545,44.3236618042,5.2228034608
367,51,-84.4160385132,44.3168525696,6.6679683885
367,52,-84.2737121582,44.279838562,12.0514331325
367,53,-84.2080078125,44.2288551331,7.715050026
367,54,-84.1558074951,44.1455192566,10.1583454537
367,55,-84.1084594727,44.0751419067,8.6907875158
367,56,-84.0229873657,43.9885940552,11.8027461696
367,57,-84.0182495117,43.9605636597,3.1398115074
367,58,-84.0268249512,43.8304405212,14.4853394186
367,59,-84.0127563477,43.6816329956,16.5851764448
367,60,-83.9928741455,43.6529884338,3.5640588419
367,61,-83.9531478882,43.6193962097,4.9166219643
367,62,-83.9483108521,43.5931968689,2.9391509807
367,63,-83.94921875,43.5275840759,7.2961764621
367,64,-83.936340332,43.4992256165,3.319928111
368,1,-83.936340332,43.4992256165,0
368,2,-83.8973236084,43.4816131592,3.7070474266
368,3,-83.8866348267,43.4346618652,5.2915492222
369,1,-83.936340332,43.4992256165,8.2238184998
369,2,-83.9508209229,43.4843330383,2.0265249563
369,3,-83.9517593384,43.4415245056,4.7606941387
369,4,-83.9415435791,43.4351615906,1.0867029473
369,5,-83.8866348267,43.4346618652,4.4339470698
370,1,-71.5670166016,43.1839103699,996.2902421763
370,2,-71.5633468628,43.1988563538,1.6883357632
370,3,-71.5440292358,43.2294387817,3.7436444753
370,4,-71.5447463989,43.2622184753,3.6453984573
370,5,-71.6061172485,43.360294342,11.982774579
370,6,-71.5665893555,43.4269371033,8.0693105871
370,7,-71.5651550293,43.449672699,2.5307340073
370,8,-71.5769119263,43.4740180969,2.8685698292
370,9,-71.5985488892,43.48670578,2.2445608889
370,10,-71.6205291748,43.5262565613,4.7416765547
370,11,-71.6500320435,43.6970901489,19.1437513705
370,12,-71.6813659668,43.7809906006,9.6629565371
370,13,-71.6832809448,43.7992477417,2.0359125652
370,14,-71.672744751,43.8109054565,1.5476580885
370,15,-71.6586380005,43.8338890076,2.7950271592
370,16,-71.6743774414,43.8560295105,2.7666306993
370,17,-71.6904602051,43.8681564331,1.8657087057
370,18,-71.7168121338,43.9150810242,5.6288794541
370,19,-71.7152481079,43.9806632996,7.2934911685
370,20,-71.7030029297,44.0611114502,8.9988501878
370,21,-71.6981582642,44.1102485657,5.4774828395
370,22,-71.6905593872,44.1839599609,8.2187273678
370,23,-71.7569351196,44.2397994995,8.1571288254
370,24,-71.7554016113,44.2862739563,5.1691664329
370,25,-71.8011474609,44.3130264282,4.7013409626
370,26,-71.8086700439,44.3172531128,0.7609815587
370,27,-71.8299865723,44.3098526001,1.8851008299
370,28,-71.8380966187,44.3159103394,0.932787823
370,29,-71.8799667358,44.3252487183,3.4890148273
370,30,-71.9022064209,44.3292503357,1.8241448716
370,31,-71.9116668701,44.3375396729,1.1898602793
370,32,-71.9165115356,44.3417854309,0.6093677961
370,33,-71.9207000732,44.3719444275,3.3700207053
370,34,-71.9249725342,44.3993721008,3.0686575217
370,35,-71.9460296631,44.4220428467,3.0252871366
370,36,-72.0105667114,44.4248466492,5.1346122
370,37,-72.0325241089,44.4178771973,1.9082346928
370,38,-72.0546951294,44.4254989624,1.9540891476
371,1,-76.1622161865,43.1049308777,360.9982431412
371,2,-76.1198730469,43.1361083984,4.8815463421
371,3,-76.1143569946,43.1607666016,2.778144619
371,4,-76.1161117554,43.177116394,1.8235752507
371,5,-76.1355895996,43.2582511902,9.1588057595
371,6,-76.1310195923,43.2933616638,3.9215976486
371,7,-76.1098556519,43.3624267578,7.8681766057
371,8,-76.1079940796,43.4043312073,4.6619901369
371,9,-76.1172561646,43.4592590332,6.1533166445
371,10,-76.1243667603,43.5055809021,5.1826073927
371,11,-76.1100616455,43.5536117554,5.4638819442
371,12,-76.0764846802,43.6752586365,13.7939636443
371,13,-76.0781097412,43.7080230713,3.6455810508
371,14,-76.077255249,43.7421913147,3.7999557402
371,15,-76.0434875488,43.8415527344,11.3760920839
371,16,-75.9577407837,43.9704055786,15.8894630319
371,17,-75.9370803833,44.0035171509,4.0358516965
371,18,-75.9291000366,44.0136604309,1.2959379112
371,19,-75.9157028198,44.0348091125,2.5840934006
371,20,-75.9133071899,44.0854263306,5.6316321443
371,21,-75.8791122437,44.1378707886,6.4389397855
371,22,-75.8774719238,44.1707077026,3.6536425537
371,23,-75.8956985474,44.2073707581,4.3280201788
371,24,-75.9791793823,44.292766571,11.5921299286
371,25,-75.9913711548,44.3917312622,11.0469996134
372,1,-90.4411468506,43.9803581238,1151.5747543679
372,2,-90.2963790894,43.9366645813,12.5649509496
372,3,-90.1708450317,43.8927230835,11.1797562153
372,4,-90.1281051636,43.8701629639,4.2457824282
372,5,-90.050743103,43.7962760925,10.2959270842
372,6,-89.9261932373,43.7407341003,11.754394909
372,7,-89.8492889404,43.6872291565,8.5790443135
372,8,-89.8098602295,43.6454429626,5.6255964023
372,9,-89.8079071045,43.6331558228,1.3752781446
372,10,-89.8097381592,43.6181297302,1.6773128274
372,11,-89.8089599609,43.5862617493,3.5441117904
372,12,-89.7817230225,43.5708503723,2.7839463005
372,13,-89.574508667,43.5365447998,17.1287690042
372,14,-89.5164108276,43.5142555237,5.2993723344
372,15,-89.4981079102,43.4924087524,2.842605452
372,16,-89.463470459,43.3991165161,10.743896728
372,17,-89.4546737671,43.3358612061,7.0695218992
372,18,-89.3398132324,43.1924629211,18.4593541553
372,19,-89.3228988647,43.1724281311,2.616060654
372,20,-89.3016433716,43.1378288269,4.2159555785
372,21,-89.285446167,43.0995979309,4.4497204166
373,1,-71.4789505005,43.0493888855,1443.6008925947
373,2,-71.4963684082,43.1225166321,8.2535451417
373,3,-71.5539779663,43.1618232727,6.3992479927
373,4,-71.5670166016,43.1839103699,2.6739099103
374,1,-88.0797653198,44.5855636597,1330.1957025984
374,2,-88.0375595093,44.5508995056,5.1024926011
374,3,-87.9576568604,44.5135116577,7.5761134225
374,4,-87.9531097412,44.4879226685,2.8681279852
374,5,-87.9638748169,44.4652442932,2.6624411032
374,6,-87.9504776001,44.4373016357,3.2840243678
374,7,-87.8939819336,44.3910293579,6.8270752013
374,8,-87.8157501221,44.2696762085,14.8594927788
374,9,-87.7200775146,44.145362854,15.7869434901
374,10,-87.7066802979,44.1460952759,1.0720647214
374,11,-87.707824707,44.1269645691,2.1291970629
374,12,-87.706489563,44.1050758362,2.4362486944
374,13,-87.7060699463,44.0727157593,3.5984324434
374,14,-87.707901001,44.0271720886,5.0663389728
374,15,-87.7483520508,43.9384117126,10.3868152562
374,16,-87.7614974976,43.8711662292,7.5511579117
374,17,-87.7657699585,43.8029022217,7.5983424845
374,18,-87.7638320923,43.7546043396,5.3727325426
374,19,-87.7652587891,43.6485214233,11.7964396321
374,20,-87.7967224121,43.5788154602,8.1543452836
374,21,-87.8309326172,43.4982376099,9.3745950113
374,22,-87.8386764526,43.4386978149,6.6499519823
374,23,-87.8681945801,43.416759491,3.4107095119
374,24,-87.9294433594,43.4120445251,4.9749019562
374,25,-87.9273834229,43.3919944763,2.2356663274
374,26,-87.9226226807,43.3523445129,4.4256356176
374,27,-87.9270858765,43.3223648071,3.3530766031
374,28,-87.9255599976,43.2249794006,10.8294677502
374,29,-87.9134597778,43.1766014099,5.4680690083
374,30,-87.9152984619,43.0965614319,8.9012898906
374,31,-87.9323272705,43.0376319885,6.6970781723
375,1,-87.9323272705,43.0376319885,0
375,2,-87.9047851563,43.0359382629,2.2463697947
375,3,-87.8917160034,43.0331993103,1.1050209906
376,1,-89.285446167,43.0995979309,113.4586641939
376,2,-89.2245635986,43.108127594,5.0329403074
376,3,-88.9767150879,43.1119346619,20.1240536092
376,4,-88.8771743774,43.0860290527,8.5798861697
376,5,-88.7705078125,43.0872802734,8.6632988158
376,6,-88.6143341064,43.0881576538,12.6827128476
376,7,-88.57006073,43.0682868958,4.2204430461
376,8,-88.5344009399,43.0616569519,2.9892202605
376,9,-88.4672393799,43.0656814575,5.4744254826
376,10,-88.3709640503,43.0476074219,8.0762139007
376,11,-88.236114502,43.0509185791,10.9637318157
376,12,-88.1749343872,43.0371246338,5.2029917107
376,13,-88.1000289917,43.0217971802,6.3226388217
376,14,-88.0416030884,43.0279769897,4.7988872577
376,15,-87.9323272705,43.0376319885,8.9465201034
377,1,-83.8866348267,43.4346618652,330.6658417778
377,2,-83.8841629028,43.418598175,1.7973209491
377,3,-83.8513336182,43.3269462585,10.5310147996
377,4,-83.7692718506,43.2522773743,10.6325925622
377,5,-83.760055542,43.2195243835,3.7177075023
377,6,-83.7606277466,43.1069831848,12.5140963937
377,7,-83.7600021362,43.0618515015,5.0186713962
377,8,-83.741104126,43.002243042,6.8038146013
377,9,-83.7346496582,42.9969482422,0.7887656431
378,1,-86.2054901123,43.1703071594,201.5782950075
378,2,-86.0914001465,43.0759124756,13.9967422944
378,3,-86.0679550171,43.0675239563,2.1205590862
378,4,-85.9946594238,43.065612793,5.9579335227
378,5,-85.9402694702,43.0495872498,4.7647560245
378,6,-85.854133606,43.0413093567,7.0598889482
378,7,-85.7762451172,43.0199966431,6.7599700716
378,8,-85.6912612915,43.0257415771,6.9380224419
378,9,-85.6762084961,43.0257568359,1.2236238305
378,10,-85.6299285889,43.0234870911,3.7705602225
378,11,-85.6042709351,42.9890441895,4.3612800467
379,1,-76.1622161865,43.1049308777,766.9697894492
379,2,-76.2193145752,43.1240005493,5.0967779246
379,3,-76.2572555542,43.1133422852,3.2996814199
379,4,-76.315826416,43.1004905701,4.9649549845
379,5,-76.4833602905,43.082408905,13.7518028465
379,6,-76.5625152588,43.068145752,6.6219441073
379,7,-76.645111084,43.0464820862,7.1299127224
379,8,-76.6940307617,43.0145492554,5.3309470664
379,9,-76.7203903198,42.9994468689,2.722902157
379,10,-76.7731781006,42.9874191284,4.4968002569
379,11,-76.8403244019,42.9746055603,5.6449839426
379,12,-76.9858627319,42.9645423889,11.8941973166
379,13,-77.091796875,42.9798240662,8.7846736073
379,14,-77.2245941162,42.97889328,10.8035682926
379,15,-77.3611068726,43.0027580261,11.4159601931
379,16,-77.4386367798,43.0112113953,6.3739242277
379,17,-77.546295166,43.0442886353,9.4926325148
379,18,-77.6412887573,43.0494194031,7.7403070089
380,1,-77.6412887573,43.0494194031,0
380,2,-77.6583709717,43.0521278381,1.4203218908
380,3,-77.7845535278,43.0535469055,10.2539058817
380,4,-77.8792190552,43.0298423767,8.1322518876
380,5,-77.9603881836,43.034236908,6.6155306073
380,6,-78.0124435425,43.0340194702,4.2310055187
380,7,-78.0860977173,43.0171775818,6.2733178068
380,8,-78.1245269775,43.0200653076,3.1406861188
380,9,-78.2114486694,43.0259475708,7.0962776135
380,10,-78.2945632935,43.0209693909,6.7791718368
380,11,-78.4043502808,43.0013885498,9.1882590572
380,12,-78.4504013062,42.9861717224,4.109846436
380,13,-78.5552902222,42.9698104858,8.7247046378
380,14,-78.705329895,42.9544830322,12.3275464292
380,15,-78.7375869751,42.958782196,2.6682600634
380,16,-78.757850647,42.952583313,1.7873446949
381,1,-78.757850647,42.952583313,0
381,2,-78.7634811401,42.9796943665,3.0492253467
381,3,-78.7848815918,42.9989509583,2.7594822487
381,4,-78.8152618408,43.0028381348,2.5080969684
381,5,-78.8850784302,42.9966087341,5.7198045197
381,6,-78.9095535278,42.987953186,2.2110946644
381,7,-78.927696228,42.9951133728,1.6767074666
381,8,-78.9710006714,43.022518158,4.6566359032
381,9,-78.9834136963,43.0758590698,6.0163922317
381,10,-78.9825515747,43.0867462158,1.2126185111
381,11,-78.995010376,43.1199760437,3.8309303804
381,12,-79.0677642822,43.1509132385,6.832659839
382,1,-70.9068069458,42.8574142456,664.1655636723
382,2,-70.8972625732,42.8749275208,2.0969953579
382,3,-70.89453125,42.8848075867,1.1209284866
382,4,-70.8755874634,42.9531173706,7.7507593566
382,5,-70.8313903809,43.0289497375,9.166451299
382,6,-70.7827453613,43.0772171021,6.6654413457
382,7,-70.7701873779,43.0883979797,1.6080513027
382,8,-70.7647705078,43.0924034119,0.6259785769
382,9,-70.6893234253,43.1405715942,8.1357110145
382,10,-70.6599731445,43.1630363464,3.4509015629
382,11,-70.6168441772,43.2607078552,11.4091578949
382,12,-70.5940704346,43.3393363953,8.9352219509
382,13,-70.4999237061,43.4807548523,17.4674496989
382,14,-70.337387085,43.6398658752,22.0123536056
382,15,-70.3273696899,43.6614608765,2.5329036168
382,16,-70.3258666992,43.6659660339,0.515333003
382,17,-70.3237228394,43.6704673767,0.5293970258
382,18,-70.3189163208,43.6771659851,0.8391881426
382,19,-70.3139266968,43.6875076294,1.2179278033
382,20,-70.3122787476,43.6947479248,0.8159144254
382,21,-70.3093261719,43.7024078369,0.8841993202
382,22,-70.3058166504,43.708694458,0.7538175022
382,23,-70.3029937744,43.7140808105,0.6404699046
382,24,-70.3034133911,43.7181930542,0.4585025506
382,25,-70.3020019531,43.7208862305,0.3202294676
382,26,-70.2994689941,43.7208213806,0.2036821276
383,1,-73.934463501,42.7485237122,313.6620974414
383,2,-74.0112457275,42.7808189392,7.223828311
383,3,-74.0224914551,42.8190040588,4.3439916317
383,4,-74.0625228882,42.8608169556,5.6806730234
383,5,-74.0925521851,42.8789825439,3.1731727073
383,6,-74.2158660889,42.9179420471,10.9391444127
383,7,-74.3028640747,42.9223136902,7.1007699453
383,8,-74.367401123,42.9380683899,5.5386420566
383,9,-74.388671875,42.9361839294,1.7441992369
383,10,-74.4378814697,42.8996543884,5.705849513
383,11,-74.4884414673,42.8844680786,4.4516090632
383,12,-74.5297470093,42.8879470825,3.3874591206
383,13,-74.5792770386,42.9027442932,4.3573699131
383,14,-74.6143951416,42.9116744995,3.0276808943
383,15,-74.6573791504,42.9578475952,6.2133068821
383,16,-74.7887420654,43.0025978088,11.7879702488
383,17,-75.0043563843,43.0097618103,17.5506837573
383,18,-75.0190200806,43.026473999,2.2078313986
383,19,-75.0293197632,43.0450401306,2.2277229325
383,20,-75.0781326294,43.0796737671,5.5278013689
383,21,-75.1545791626,43.1126785278,7.2108806785
383,22,-75.2068786621,43.1249427795,4.4585865876
383,23,-75.2655639648,43.1421318054,5.1313245943
383,24,-75.3174743652,43.1316108704,4.3715282139
383,25,-75.3988876343,43.1225814819,6.6828961961
383,26,-75.4964370728,43.1346969604,8.0301771276
383,27,-75.5721511841,43.1238021851,6.2626052799
383,28,-75.5827484131,43.1209449768,0.9168817959
383,29,-75.6664123535,43.1026191711,7.0905170891
383,30,-75.7477035522,43.0915527344,6.7141004091
383,31,-75.8508911133,43.1024208069,8.4649512311
383,32,-76.0578460693,43.0984268188,16.8084909667
383,33,-76.1622161865,43.1049308777,8.5044196141
384,1,-73.8472213745,42.6829948425,194.3277235637
384,2,-73.8172149658,42.7120475769,4.0557918945
384,3,-73.7947006226,42.7301979065,2.7305594737
384,4,-73.7765274048,42.7547149658,3.1039494415
384,5,-73.7807235718,42.8110923767,6.2782284599
384,6,-73.8316421509,42.9371109009,14.6140461006
384,7,-73.8214950562,42.9889335632,5.8212721842
384,8,-73.7906799316,43.0279998779,5.0148076462
384,9,-73.7584838867,43.0961608887,8.01780159
384,10,-73.6913528442,43.2379417419,16.6789297665
384,11,-73.6786117554,43.274307251,4.1732268635
384,12,-73.6847457886,43.3075332642,3.7277721047
384,13,-73.720451355,43.34765625,5.3147093911
384,14,-73.7259368896,43.3922576904,4.9792358715
384,15,-73.7459793091,43.4255180359,4.0372324355
384,16,-73.7495651245,43.4774055481,5.7768844432
384,17,-73.7241363525,43.5269622803,5.8797591801
384,18,-73.7131500244,43.5879364014,6.837566473
384,19,-73.7250137329,43.6239204407,4.1136834194
384,20,-73.7401275635,43.6376075745,1.9483191102
384,21,-73.7868652344,43.6545333862,4.2052967606
384,22,-73.8221740723,43.696018219,5.4168742925
384,23,-73.8328552246,43.7279014587,3.6477162274
384,24,-73.8008270264,43.8558158875,14.4538977411
384,25,-73.7515792847,43.9664115906,12.9149734679
384,26,-73.6671829224,44.0769271851,14.0196752641
384,27,-73.6237411499,44.10597229,4.7399989657
384,28,-73.5736694336,44.1723480225,8.392815274
384,29,-73.5097351074,44.2012939453,6.0288483046
384,30,-73.5026245117,44.2144813538,1.5720891764
384,31,-73.4992294312,44.242729187,3.1526429409
384,32,-73.5219192505,44.2810974121,4.6331950641
384,33,-73.5297546387,44.3485870361,7.5303516838
384,34,-73.4890289307,44.4113540649,7.693321567
384,35,-73.4841766357,44.4601211548,5.436321319
384,36,-73.5030899048,44.4994087219,4.6190974195
384,37,-73.5012817383,44.5714607239,8.0130988315
384,38,-73.4834671021,44.6370697021,7.4304594283
384,39,-73.4902877808,44.6690292358,3.5944597592
384,40,-73.4778671265,44.697265625,3.2897223825
384,41,-73.4407653809,44.7573394775,7.2946658111
384,42,-73.4650421143,44.8569145203,11.236660064
384,43,-73.4560317993,44.937210083,8.956622694
384,44,-73.4634170532,44.9801483154,4.8097456724
384,45,-73.45677948,45.0038604736,2.6878398734
385,1,-73.8472213745,42.6829948425,259.9602104798
385,2,-73.8995361328,42.7330474854,7.0176661575
385,3,-73.934463501,42.7485237122,3.3312608743
386,1,-84.4879226685,42.6815071106,861.677430998
386,2,-84.5048370361,42.7326812744,5.8557405303
386,3,-84.5050048828,42.7477111816,1.6713056435
386,4,-84.4520568848,42.7538642883,4.3771090958
386,5,-84.3832702637,42.7880783081,6.7822436454
386,6,-84.2219238281,42.8449211121,14.5994145103
386,7,-83.9988098145,42.934551239,20.729801236
386,8,-83.969909668,42.9665641785,4.2665934767
386,9,-83.9269561768,42.9702110291,3.5183427357
386,10,-83.7992935181,42.9742736816,10.3963948772
386,11,-83.7346496582,42.9969482422,5.8314788597
387,1,-85.6042709351,42.9890441895,152.0596093625
387,2,-85.5861358643,42.9662055969,2.9369790236
387,3,-85.578125,42.9527626038,1.6307583411
387,4,-85.5412521362,42.9184303284,4.8563730172
387,5,-85.4968566895,42.8956985474,4.4117123475
387,6,-85.4263763428,42.8807907104,5.9765634223
387,7,-85.0769119263,42.8830566406,28.4750811153
387,8,-84.9782867432,42.8787879944,8.0500099747
387,9,-84.8710708618,42.8531913757,9.1899486703
387,10,-84.8128814697,42.8251609802,5.6766971194
387,11,-84.7029495239,42.8043060303,9.261890988
387,12,-84.6827545166,42.7889938354,2.3693933069
387,13,-84.6695404053,42.7275123596,6.9210272699
387,14,-84.4879226685,42.6815071106,15.6974263492
388,1,-71.2035980225,42.6639976501,1084.9362117523
388,2,-71.1617660522,42.6803703308,3.8743715737
388,3,-71.1495513916,42.7346763611,6.1204773476
388,4,-71.1215362549,42.777721405,5.3048304419
388,5,-71.0821685791,42.792766571,3.6221429498
388,6,-71.0234909058,42.8059959412,5.0082944767
388,7,-71.0035705566,42.8328323364,3.3977101749
388,8,-70.9438323975,42.8405418396,4.9458290288
388,9,-70.9068069458,42.8574142456,3.5539576241
389,1,-71.2035980225,42.6639976501,32.3978903876
389,2,-71.213684082,42.7078666687,4.9471861718
389,3,-71.2164535522,42.7165679932,0.9936494752
389,4,-71.2307662964,42.742565155,3.1181978457
389,5,-71.237991333,42.7556800842,1.5731255587
389,6,-71.2694702148,42.7809028625,3.8037872712
389,7,-71.2814712524,42.8093452454,3.3107690152
389,8,-71.3456726074,42.8625183105,7.8970434512
389,9,-71.4204483032,42.9704551697,13.4583589108
389,10,-71.4313583374,42.9970550537,3.0880443352
389,11,-71.4462585449,43.0178184509,2.6073764888
389,12,-71.4789505005,43.0493888855,4.4027090792
390,1,-71.1317825317,42.5005683899,67.28355791
390,2,-71.0888214111,42.5159797668,3.9163727067
390,3,-70.9999542236,42.513053894,7.2910356217
390,4,-70.9772720337,42.5193481445,1.9864205748
390,5,-70.9706802368,42.5419273376,2.5681364235
390,6,-70.9678726196,42.5777816772,3.9934467583
390,7,-70.9785919189,42.6175918579,4.5128077351
390,8,-70.9753799438,42.6484413147,3.4403521523
390,9,-70.9280471802,42.7455635071,11.4713451247
390,10,-70.9068069458,42.8574142456,12.5573761993
391,1,-71.0596694946,42.3521232605,57.5618101414
391,2,-71.0969467163,42.3961448669,5.7738902887
391,3,-71.1007156372,42.4398727417,4.8721509334
391,4,-71.1317825317,42.5005683899,7.2140543935
392,1,-83.7346496582,42.9969482422,1029.5926891516
392,2,-83.7182540894,42.9529418945,5.071828413
392,3,-83.6393966675,42.8993186951,8.7622590102
392,4,-83.5945663452,42.8667907715,5.1404452208
392,5,-83.562210083,42.8061141968,7.244420618
392,6,-83.5351791382,42.7784538269,3.784808658
392,7,-83.4867858887,42.7447853088,5.4427851662
392,8,-83.4563369751,42.7424621582,2.4998815393
392,9,-83.3988342285,42.7493591309,4.7577935747
392,10,-83.3245391846,42.7057647705,7.7669769035
392,11,-83.2768096924,42.7012176514,3.9328135987
392,12,-83.2489852905,42.6839370728,2.9771637906
392,13,-83.241973877,42.6439704895,4.4809069994
392,14,-83.2320022583,42.6161613464,3.1980349186
392,15,-83.2173309326,42.605884552,1.6575164607
392,16,-83.1715545654,42.6013946533,3.7797065359
392,17,-83.1590881348,42.5875778198,1.8443883499
392,18,-83.1540374756,42.5609130859,2.9936873473
392,19,-83.1203842163,42.5538024902,2.8675697066
392,20,-83.1167526245,42.478012085,8.4327631581
392,21,-83.0817871094,42.4316558838,5.8990230648
392,22,-83.0793991089,42.3900947571,4.6255430428
392,23,-83.1070709229,42.3463783264,5.3663662629
393,1,-83.1070709229,42.3463783264,0
393,2,-83.1560745239,42.3273887634,4.5477697878
393,3,-83.2135314941,42.2764625549,7.3753001665
393,4,-83.2696914673,42.2668838501,4.7420187085
393,5,-83.3591690063,42.2383804321,8.0175124447
393,6,-83.4209136963,42.2280960083,5.210504891
393,7,-83.5142822266,42.2251548767,7.6948234107
393,8,-83.5734024048,42.2306175232,4.9055500722
393,9,-83.5935058594,42.2351722717,1.7308884185
393,10,-83.639251709,42.2299728394,3.8104286734
393,11,-83.6547927856,42.2297668457,1.2797758489
393,12,-83.6830444336,42.2333145142,2.3592451122
393,13,-83.7619781494,42.2395591736,6.5353055882
393,14,-83.7929382324,42.285987854,5.7570718484
393,15,-83.9092636108,42.2992553711,9.6811613095
393,16,-84.0232849121,42.3027572632,9.3854102627
393,17,-84.1531295776,42.3027191162,10.6783795032
393,18,-84.3278808594,42.2829704285,14.540515658
393,19,-84.3633346558,42.2821044922,2.918232001
393,20,-84.4378585815,42.2818527222,6.1309056043
393,21,-84.473449707,42.2791442871,2.943482755
393,22,-84.7057418823,42.2683830261,19.1498317872
393,23,-84.7577514648,42.2702980042,4.2848121171
393,24,-84.8112030029,42.2877082825,4.8047665748
393,25,-84.8811187744,42.2820396423,5.7859160458
393,26,-84.9888305664,42.2958335876,8.9919038308
394,1,-71.1304473877,42.2019042969,1139.47001745
394,2,-71.0811920166,42.194442749,4.1414250584
394,3,-71.032913208,42.2078857422,4.2484812143
394,4,-71.0007019043,42.2075996399,2.6532302449
394,5,-71.0327987671,42.2397003174,4.441398592
394,6,-71.0480499268,42.2964096069,6.4294481783
394,7,-71.0596694946,42.3521232605,6.2682922629
395,1,-72.6397857666,42.1502227783,131.9760024725
395,2,-72.6450424194,42.1984329224,5.378197251
395,3,-72.6379241943,42.2774085999,8.801224919
395,4,-72.618347168,42.295375824,2.5661122481
395,5,-72.6069564819,42.3066101074,1.5614314505
395,6,-72.6123046875,42.31848526,1.3917615116
395,7,-72.6418380737,42.3310661316,2.8021449885
395,8,-72.6477127075,42.3479347229,1.9368523533
395,9,-72.6477737427,42.3765640259,3.1834371947
395,10,-72.6376113892,42.4200782776,4.9099955189
395,11,-72.6300201416,42.4586257935,4.3313193284
395,12,-72.6380310059,42.5573348999,10.9955772688
395,13,-72.6286468506,42.5908699036,3.8072723117
395,14,-72.5894088745,42.6218109131,4.7063199515
395,15,-72.5743713379,42.6257400513,1.3056259202
395,16,-72.5506515503,42.6572990417,4.009833782
395,17,-72.5483398438,42.6786346436,2.379927765
395,18,-72.5671081543,42.7286529541,5.7693547117
395,19,-72.5719833374,42.7416343689,1.497376512
395,20,-72.5655288696,42.7820281982,4.522391111
395,21,-72.5813369751,42.8335762024,5.8751518299
395,22,-72.5877914429,42.8541107178,2.3431878585
395,23,-72.5860977173,42.8754615784,2.378117161
395,24,-72.5783538818,42.8871994019,1.449699641
395,25,-72.5718383789,42.8998641968,1.504965904
395,26,-72.5478515625,42.9696311951,7.9997304258
395,27,-72.4974517822,43.0122680664,6.2674566824
395,28,-72.495262146,43.0549964905,4.7545160115
395,29,-72.4769973755,43.0870780945,3.8635285305
395,30,-72.4766311646,43.1321105957,5.0074739141
395,31,-72.4691543579,43.1861610413,6.0406554027
395,32,-72.4313812256,43.2999153137,13.0136851663
395,33,-72.4409942627,43.3751144409,8.3978261834
395,34,-72.414642334,43.4526252747,8.8777539679
395,35,-72.4288406372,43.5210723877,7.6966848717
395,36,-72.4103622437,43.5827636719,7.01953244
395,37,-72.3865203857,43.6025047302,2.9163684108
395,38,-72.3625030518,43.628616333,3.4883401626
396,1,-72.6397857666,42.1502227783,165.9344176418
396,2,-72.7269897461,42.1533813477,7.1973663243
396,3,-72.8443222046,42.1690177917,9.8260931463
396,4,-72.8727264404,42.1733589172,2.3900815843
396,5,-72.9752960205,42.2287216187,10.4537467156
396,6,-73.0662078857,42.2412185669,7.6125056134
396,7,-73.1013259888,42.2564620972,3.3508863704
396,8,-73.1246871948,42.272064209,2.5894749693
396,9,-73.1616134644,42.2941207886,3.9042383363
396,10,-73.2341156006,42.2991104126,5.9888849967
396,11,-73.298576355,42.3026542664,5.3160111878
396,12,-73.3313980103,42.3078231812,2.759650532
396,13,-73.4091262817,42.3382530212,7.2308210663
396,14,-73.4266052246,42.345085144,1.6250790753
396,15,-73.4914474487,42.3885116577,7.1900034649
396,16,-73.5410003662,42.4073295593,4.5755350062
396,17,-73.5520858765,42.4223632813,1.9033317216
396,18,-73.5488128662,42.4477958679,2.8407021824
396,19,-73.5891342163,42.4601974487,3.5839532965
396,20,-73.6337585449,42.4853248596,4.604561705
396,21,-73.6901473999,42.4895057678,4.6470857332
396,22,-73.6738586426,42.551776886,7.0517407497
396,23,-73.6730499268,42.5922241211,4.4980148627
396,24,-73.7002716064,42.6331939697,5.0711202216
396,25,-73.7356948853,42.6578178406,3.9863745286
396,26,-73.7818222046,42.6592636108,3.7754082179
396,27,-73.797996521,42.6706542969,1.8311809745
396,28,-73.8472213745,42.6829948425,4.2516227389
397,1,-87.9323272705,43.0376319885,1147.3710977997
397,2,-87.9312057495,43.031703949,0.6654407215
397,3,-87.916885376,43.0006027222,3.6490199879
397,4,-87.9301681519,42.9671096802,3.8778234693
397,5,-87.9356842041,42.8621253967,11.682359154
397,6,-87.9519500732,42.8336753845,3.4301805247
397,7,-87.9523849487,42.73046875,11.4761090333
397,8,-87.9526367188,42.6913757324,4.3469938952
397,9,-87.9529800415,42.5645561218,14.101725271
397,10,-87.9515151978,42.4905815125,8.2264770732
397,11,-87.9643783569,42.4711875916,2.4006776563
397,12,-87.9750061035,42.4685897827,0.918313368
397,13,-87.975227356,42.4585914612,1.1119107636
397,14,-87.9583282471,42.3797798157,8.8725688784
397,15,-87.9241409302,42.3266601563,6.5406809302
397,16,-87.9105758667,42.2142677307,12.5472108828
397,17,-87.8843231201,42.1707839966,5.2968427687
397,18,-87.8823928833,42.1471366882,2.6342698689
398,1,-86.3720932007,42.1461334229,124.512432881
398,2,-86.3183364868,42.1711502075,5.2318413911
398,3,-86.1879882813,42.1906242371,10.9566237077
398,4,-86.0884552002,42.1989631653,8.2518465228
398,5,-85.9953689575,42.1892166138,7.7447796106
398,6,-85.8925476074,42.2000160217,8.5551938184
398,7,-85.8349609375,42.2229576111,5.3852913676
398,8,-85.6370315552,42.2367477417,16.3684515419
398,9,-85.5683364868,42.24559021,5.7398212899
398,10,-85.5145797729,42.2635002136,4.8518703894
398,11,-85.3614273071,42.2832679749,12.7913482306
398,12,-85.2714767456,42.2721633911,7.5027461157
398,13,-85.2314224243,42.2676696777,3.3334333159
398,14,-85.1806411743,42.2759895325,4.2794736908
398,15,-85.0971298218,42.2913703918,7.0797065325
398,16,-84.9888305664,42.2958335876,8.9215986088
399,1,-86.3720932007,42.1461334229,115.115145539
399,2,-86.3839950562,42.1850509644,4.4372185722
399,3,-86.3574676514,42.2371330261,6.1896651483
399,4,-86.2772216797,42.3638038635,15.5546372166
399,5,-86.2573623657,42.3901290894,3.3510910922
399,6,-86.2478713989,42.4335365295,4.8891747628
399,7,-86.2100372314,42.5108146667,9.1360644308
399,8,-86.2227325439,42.5975074768,9.6957260581
399,9,-86.2170257568,42.6260261536,3.2053363481
399,10,-86.1704940796,42.6603317261,5.3885777916
399,11,-86.1605682373,42.7237319946,7.0963096425
399,12,-86.1381225586,42.7358856201,2.2776131069
399,13,-86.0955810547,42.7375106812,3.4790798839
399,14,-86.0732498169,42.7469367981,2.1033906812
399,15,-86.0377731323,42.7819252014,4.8501181822
399,16,-85.8606948853,42.8458213806,16.0969086948
399,17,-85.810546875,42.8712539673,4.9704669993
399,18,-85.7814559937,42.9000015259,3.9794168919
399,19,-85.7761993408,42.9162330627,1.8549465487
399,20,-85.7247009277,42.9420585632,5.0819501407
399,21,-85.7086181641,42.9725418091,3.6334882122
399,22,-85.6798019409,42.9835395813,2.6440503262
399,23,-85.6042709351,42.9890441895,6.1741792681
400,1,-80.130607605,42.0264930725,461.1786651964
400,2,-80.0848846436,42.0433197021,4.2143116201
400,3,-79.9704818726,42.1114311218,12.1042264076
400,4,-79.8601837158,42.1643638611,10.8330439874
400,5,-79.8373565674,42.182056427,2.7219666001
400,6,-79.7936553955,42.2278213501,6.2332090093
400,7,-79.7633972168,42.2559776306,4.0007924856
400,8,-79.7618484497,42.2574234009,0.2051618344
400,9,-79.5753860474,42.3402175903,17.8867243121
400,10,-79.471244812,42.3910751343,10.2559674112
400,11,-79.3820724487,42.4202919006,8.0099181633
400,12,-79.3346862793,42.4513702393,5.2023832001
400,13,-79.2261505127,42.5062980652,10.7949330518
400,14,-79.176109314,42.5201377869,4.3807801005
400,15,-79.1329116821,42.5341377258,3.8670476457
400,16,-79.0685195923,42.5739860535,6.8885686793
400,17,-78.9972839355,42.6236190796,8.0284846807
400,18,-78.8931655884,42.721786499,13.8423182397
400,19,-78.8219146729,42.7572135925,7.0268760922
400,20,-78.8062515259,42.7746315002,2.3207715011
400,21,-78.8070373535,42.7859802246,1.2635492384
400,22,-78.8015289307,42.8057594299,2.2448006812
400,23,-78.7741241455,42.8345336914,3.9029494596
400,24,-78.7767868042,42.8549194336,2.2771618792
400,25,-78.7729187012,42.8714485168,1.8647929417
400,26,-78.7657165527,42.9122276306,4.5722326542
400,27,-78.757850647,42.952583313,4.5328106116
401,1,-80.1228790283,42.083896637,147.8008316079
401,2,-80.1126098633,42.0577583313,3.0275272712
401,3,-80.130607605,42.0264930725,3.7809026004
402,1,-71.2836990356,42.0211868286,730.4554255509
402,2,-71.2549362183,42.0455665588,3.6044653387
402,3,-71.2331771851,42.0641860962,2.7411493369
402,4,-71.210395813,42.1236724854,6.8764908108
402,5,-71.1522598267,42.1683006287,6.8991437721
402,6,-71.1304473877,42.2019042969,4.1462961024
403,1,-87.8823928833,42.1471366882,1378.2637150683
403,2,-87.7897338867,42.1400375366,7.6801513716
403,3,-87.7555160522,42.0977897644,5.4803207859
403,4,-87.7495727539,42.0636405945,3.8287625352
403,5,-87.7757034302,42.0317420959,4.1516702244
403,6,-87.7513122559,41.9941673279,4.6386914361
403,7,-87.7584686279,41.954750061,4.4227453212
403,8,-87.6874465942,41.9088058472,7.7856577718
403,9,-87.6617355347,41.8780136108,4.0314312479
404,1,-87.6617355347,41.8780136108,0
404,2,-87.6543655396,41.8302192688,5.349428176
405,1,-70.7306060791,41.7834701538,1400.4474398094
405,2,-70.8534317017,41.8601226807,13.2754751825
405,3,-70.9270858765,41.8818893433,6.5613769156
405,4,-70.9538803101,41.903881073,3.3013177126
405,5,-71.0243911743,41.928691864,6.4536520456
405,6,-71.0557479858,41.9462242126,3.2446521559
405,7,-71.1220016479,41.9563484192,5.5934484483
405,8,-71.2174682617,41.9929695129,8.8805554175
405,9,-71.2836990356,42.0211868286,6.307990521
406,1,-87.6543655396,41.8302192688,1352.4503700536
406,2,-87.6526870728,41.7770690918,5.9116673522
407,1,-70.5912246704,41.7616844177,1412.624936853
407,2,-70.6182022095,41.7769355774,2.8074063409
407,3,-70.6691818237,41.7669029236,4.3724212495
407,4,-70.7094802856,41.7742996216,3.4417174699
407,5,-70.7306060791,41.7834701538,2.0269402272
408,1,-84.9888305664,42.2958335876,1177.4776999035
408,2,-84.9959259033,42.148273468,16.4183358236
408,3,-85.0129165649,42.10521698,4.988496086
408,4,-85.0104827881,42.0855712891,2.193711533
408,5,-84.9712753296,42.032333374,6.7469362124
408,6,-84.9660873413,41.939907074,10.286277033
408,7,-84.9892654419,41.9061660767,4.2134841052
408,8,-84.9912719727,41.7624015808,15.9867469105
408,9,-84.9913101196,41.7595405579,0.3181469802
408,10,-85.0033340454,41.7354164124,2.8619493439
409,1,-70.7306060791,41.7834701538,1182.5098487638
409,2,-70.8130569458,41.6905937195,12.3878416419
409,3,-70.8634643555,41.6636695862,5.1467661953
409,4,-70.9076766968,41.650478363,3.955108594
409,5,-70.9652023315,41.6429481506,4.8526556574
409,6,-71.0877151489,41.653049469,10.2413058806
409,7,-71.111946106,41.6617736816,2.2345949884
409,8,-71.1405258179,41.6846618652,3.480220855
409,9,-71.1756362915,41.7121696472,4.2253028547
409,10,-71.2048187256,41.7378540039,3.7445873938
409,11,-71.2417678833,41.7686309814,4.5941680374
409,12,-71.3443984985,41.8050575256,9.4239719248
409,13,-71.36693573,41.8130378723,2.0679824602
409,14,-71.3799438477,41.8110313416,1.1009269252
409,15,-71.3877105713,41.8105659485,0.6457764915
409,16,-71.4003448486,41.809173584,1.0585175729
409,17,-71.4349212646,41.8071403503,2.8746873719
410,1,-87.7130508423,41.6067390442,1349.4649460839
410,2,-87.6792297363,41.6321411133,3.9852678871
410,3,-87.6493682861,41.7161712646,9.6672870171
410,4,-87.6526870728,41.7770690918,6.7771247107
411,1,-87.2519760132,41.582244873,39.7084263879
411,2,-87.2280578613,41.600440979,2.8373041767
411,3,-87.1110992432,41.6083106995,9.7638997313
411,4,-87.038848877,41.6192054749,6.1273854474
411,5,-86.9675369263,41.6546020508,7.1142397968
411,6,-86.9022445679,41.6582984924,5.4399462716
411,7,-86.8715667725,41.6731147766,3.0344820138
411,8,-86.8369064331,41.6792144775,2.9574748125
411,9,-86.818939209,41.6988258362,2.6422064348
411,10,-86.8045806885,41.7362174988,4.3251903166
411,11,-86.7660903931,41.757358551,3.9652076917
411,12,-86.7567825317,41.762462616,0.9582040625
411,13,-86.702911377,41.8011512756,6.2015730114
411,14,-86.6160736084,41.8737831116,10.8157642151
411,15,-86.607963562,41.9032363892,3.3431542179
411,16,-86.5637130737,41.9678421021,8.0625754521
411,17,-86.5473861694,42.0156936646,5.4892757794
411,18,-86.5254974365,42.0352134705,2.8248985173
411,19,-86.4687576294,42.0589141846,5.3755083588
411,20,-86.417388916,42.088596344,5.3730697086
411,21,-86.3827056885,42.13048172,5.4660310462
411,22,-86.3720932007,42.1461334229,1.9479880441
412,1,-87.6526870728,41.7770690918,113.5573712815
412,2,-87.6428985596,41.7746543884,0.854962432
412,3,-87.633140564,41.7713356018,0.8893865637
412,4,-87.5553970337,41.711151123,9.2947383158
412,5,-87.5451583862,41.7032814026,1.2198988621
412,6,-87.5409927368,41.6982269287,0.6599119392
412,7,-87.5356140137,41.692691803,0.7604288393
412,8,-87.5317459106,41.6880340576,0.6094259043
412,9,-87.5302581787,41.6862487793,0.2338157906
412,10,-87.522567749,41.6756896973,1.3365793356
412,11,-87.5202636719,41.670211792,0.6384700812
412,12,-87.5162277222,41.6606140137,1.1186434001
412,13,-87.5140151978,41.6519432068,0.9815152808
412,14,-87.5086517334,41.6459617615,0.800601183
412,15,-87.491317749,41.6288871765,2.3832274129
412,16,-87.4835586548,41.6210517883,1.0839834142
412,17,-87.4757843018,41.6136627197,1.0453425339
412,18,-87.4697494507,41.6099319458,0.6510084836
412,19,-87.4587554932,41.6079444885,0.9403724504
412,20,-87.3723220825,41.6024627686,7.2122787552
412,21,-87.3459396362,41.6015625,2.1959506024
412,22,-87.3299179077,41.6031112671,1.3432654359
412,23,-87.3157806396,41.6037750244,1.1777850846
412,24,-87.3091049194,41.6009483337,0.6378880489
412,25,-87.3049087524,41.5976905823,0.5029586165
412,26,-87.3025588989,41.5944709778,0.4078601384
412,27,-87.2984313965,41.5889511108,0.7032417411
412,28,-87.2519760132,41.582244873,3.9349927067
413,1,-87.7002410889,41.5793190002,37.2863234269
413,2,-87.5970611572,41.5810089111,8.5842440331
414,1,-87.7002410889,41.5793190002,8.5842440331
414,2,-87.7035980225,41.5920791626,1.4460736051
414,3,-87.7130508423,41.6067390442,1.8097157392
415,1,-80.130607605,42.0264930725,629.892443808
415,2,-80.2426300049,41.9991760254,9.7406995267
415,3,-80.3500442505,41.9532699585,10.2420438924
415,4,-80.4704437256,41.9377975464,10.1051280744
415,5,-80.5139770508,41.9313468933,3.6717680994
415,6,-80.5216903687,41.9279060364,0.7440035272
415,7,-80.5569763184,41.9121551514,3.4045294049
415,8,-80.6263046265,41.8905334473,6.2210930105
415,9,-80.7023620605,41.8405036926,8.4032593253
415,10,-80.7577133179,41.8236465454,4.9542259308
415,11,-80.8470993042,41.7854614258,8.5393858504
415,12,-80.9023361206,41.7695121765,4.9117135255
415,13,-81.0323867798,41.7601280212,10.8365794604
415,14,-81.2564086914,41.6524124146,22.1202927829
415,15,-81.3580856323,41.6339492798,8.6947688076
415,16,-81.4123153687,41.6032333374,5.6557225731
415,17,-81.4409255981,41.576461792,3.8109078314
416,1,-85.0033340454,41.7354164124,296.4681361361
416,2,-85.042640686,41.745880127,3.4626036031
416,3,-85.2206726074,41.7533073425,14.7922989803
416,4,-85.2528152466,41.7516403198,2.6728151223
416,5,-85.2999343872,41.7368278503,4.2420617378
416,6,-85.4355545044,41.7470664978,11.3096048618
416,7,-85.5578765869,41.738609314,10.192177662
416,8,-85.6926422119,41.7513008118,11.269447106
416,9,-85.7714080811,41.7304267883,6.9351218917
416,10,-85.8021621704,41.7313156128,2.5539645473
416,11,-85.8444519043,41.734336853,3.52524536
416,12,-85.9183273315,41.7218780518,6.2852094349
416,13,-86.1186218262,41.7286643982,16.6395047234
416,14,-86.1915206909,41.7105636597,6.3763804894
416,15,-86.2566299438,41.7135848999,5.4149410395
416,16,-86.3230514526,41.7279663086,5.7399471579
416,17,-86.3844070435,41.7321853638,5.1130716592
416,18,-86.4183349609,41.7443618774,3.1237812505
416,19,-86.4703674316,41.7510490417,4.380228835
416,20,-86.5188827515,41.7394599915,4.2262748994
416,21,-86.5625915527,41.7391052246,3.6268055845
416,22,-86.6068878174,41.7246665955,4.0110881241
416,23,-86.6728591919,41.6757125854,7.7220111688
416,24,-86.6878738403,41.6692314148,1.4403442962
416,25,-86.7808380127,41.6662368774,7.7291533443
416,26,-86.8381729126,41.6133880615,7.5653321696
416,27,-86.8984909058,41.5937347412,5.4706894436
416,28,-86.9906768799,41.5746841431,7.9545112592
416,29,-87.1095504761,41.581489563,9.9167696548
416,30,-87.1571502686,41.5719223022,4.0998423049
416,31,-87.2519760132,41.582244873,7.9707657337
417,1,-87.2519760132,41.582244873,0
417,2,-87.2972106934,41.5689544678,4.0425525297
418,1,-87.5970611572,41.5810089111,24.9786126634
418,2,-87.5380935669,41.5819396973,4.9057340894
418,3,-87.5314178467,41.58177948,0.5555369238
418,4,-87.4853286743,41.5806694031,3.8354785555
418,5,-87.3468704224,41.5711593628,11.5657299724
418,6,-87.2972106934,41.5689544678,4.1384577553
419,1,-87.7563705444,41.5687408447,38.198150462
419,2,-87.7002410889,41.5793190002,4.8149969417
420,1,-83.5729751587,41.567855835,343.2978436288
420,2,-83.533821106,41.5988121033,4.7385377939
420,3,-83.5341110229,41.6165390015,1.971288519
420,4,-83.5533828735,41.6401939392,3.0796447284
420,5,-83.5766067505,41.6595687866,2.8921865216
420,6,-83.5837097168,41.6847038269,2.8564764634
420,7,-83.5433044434,41.6875190735,3.3698377194
420,8,-83.5094070435,41.6872901917,2.8149089172
420,9,-83.4932632446,41.6930503845,1.4856613693
420,10,-83.4918060303,41.7248306274,3.5358715255
420,11,-83.4289398193,41.8288192749,12.6838162126
420,12,-83.3641738892,41.9141159058,10.8956341908
420,13,-83.36328125,41.9590568542,4.9977509174
420,14,-83.3396987915,41.988483429,3.8088254922
420,15,-83.252494812,42.0848770142,12.913264432
420,16,-83.2482833862,42.1456680298,6.7685723734
420,17,-83.2516479492,42.1704139709,2.7655640893
420,18,-83.1762542725,42.2491531372,10.7338141202
420,19,-83.146156311,42.2932090759,5.4891887165
420,20,-83.0980987549,42.3222618103,5.1043050901
420,21,-83.1070709229,42.3463783264,2.7811984911
421,1,-85.0033340454,41.7354164124,170.6911014415
421,2,-84.9844512939,41.7315750122,1.6240525223
421,3,-84.9699859619,41.7160797119,2.0999828197
421,4,-84.9065093994,41.6784477234,6.729407239
421,5,-84.8607711792,41.6614074707,4.2453701616
421,6,-84.8275756836,41.6373443604,3.8427424767
421,7,-84.8125457764,41.6294326782,1.5278144981
421,8,-84.7946624756,41.6316413879,1.5064712691
421,9,-84.7908096313,41.6322364807,0.3269762685
421,10,-84.7667694092,41.6359519958,2.0401903263
421,11,-84.6456756592,41.6204490662,10.2112671221
421,12,-84.5412139893,41.6166610718,8.6938402492
421,13,-84.4101257324,41.6174163818,10.897610189
421,14,-84.2812652588,41.5901565552,11.1348088038
421,15,-84.0535049438,41.5960731506,18.9520158884
421,16,-83.9499969482,41.6081428528,8.7105612534
421,17,-83.8092041016,41.6028556824,11.7208704888
421,18,-83.7789077759,41.5943336487,2.6915619104
421,19,-83.6817855835,41.5954093933,8.0773688595
421,20,-83.6538619995,41.5926589966,2.3421514102
421,21,-83.6209564209,41.589225769,2.7630274945
421,22,-83.5729751587,41.567855835,4.6448688446
422,1,-88.1985092163,41.4909095764,385.0889909493
422,2,-88.1522521973,41.5054092407,4.176175589
422,3,-88.1086578369,41.5081253052,3.6427035756
422,4,-88.086555481,41.5092468262,1.8446592115
422,5,-88.0675430298,41.5094871521,1.5833548734
422,6,-88.0270843506,41.5085754395,3.3704569258
422,7,-88.0165405273,41.5143547058,1.0879966759
422,8,-87.9452362061,41.5493774414,7.0988606933
422,9,-87.859161377,41.556476593,7.2058254169
422,10,-87.7940673828,41.5583534241,5.4202429861
422,11,-87.7563705444,41.5687408447,3.3422373385
423,1,-81.4409255981,41.576461792,525.2442135634
423,2,-81.4700317383,41.5805625916,2.4635880456
423,3,-81.484161377,41.5914840698,1.6899063463
423,4,-81.5191802979,41.5913047791,2.9123271639
423,5,-81.6694412231,41.5038223267,15.8426587082
423,6,-81.6588973999,41.491443634,1.6326995166
423,7,-81.663734436,41.479927063,1.3424748783
424,1,-81.663734436,41.479927063,0
424,2,-81.6824417114,41.4643287659,2.3318658779
424,3,-81.7893753052,41.4676094055,8.9175797289
425,1,-81.7893753052,41.4676094055,0
425,2,-81.8384857178,41.4682273865,4.0925212375
425,3,-82.0345687866,41.4646263123,16.3431783376
425,4,-82.0569839478,41.4506530762,2.4296936049
425,5,-82.0841674805,41.4160575867,4.4647226427
425,6,-82.1309967041,41.4102859497,3.9575492354
425,7,-82.1313552856,41.3970947266,1.4671019501
426,1,-82.1313552856,41.3970947266,0
426,2,-82.0506591797,41.3813591003,6.9555349928
426,3,-81.9731292725,41.3763656616,6.4925453456
426,4,-81.9275360107,41.3624992371,4.1052145774
426,5,-81.8843307495,41.3671684265,3.6428256126
426,6,-81.8544769287,41.3400192261,3.9144280142
426,7,-81.8186950684,41.3357810974,3.0243052048
426,8,-81.8019256592,41.3218078613,2.0916094139
427,1,-83.5729751587,41.567855835,150.1297553054
427,2,-83.4516067505,41.514415741,11.7193719653
427,3,-83.3983230591,41.5018692017,4.6510775809
427,4,-83.2787399292,41.4445648193,11.8263836798
427,5,-83.0569152832,41.37890625,19.8873282188
427,6,-82.9621047974,41.3579864502,8.2467171766
427,7,-82.7583618164,41.32970047,17.2969461275
427,8,-82.6092834473,41.3180198669,12.5165361446
427,9,-82.4836730957,41.3257026672,10.5242927048
427,10,-82.4295501709,41.3223419189,4.5350111141
427,11,-82.3518981934,41.3330345154,6.5921470217
427,12,-82.2561187744,41.3748016357,9.2456047132
427,13,-82.1872558594,41.3805198669,5.7808040758
427,14,-82.1313552856,41.3970947266,5.0143781471
428,1,-72.9109725952,41.2952766418,769.4152245636
428,2,-72.7479629517,41.3030395508,13.6448023392
428,3,-72.4558944702,41.3661880493,25.3763171944
428,4,-72.2011871338,41.3742675781,21.2734690164
428,5,-72.1510925293,41.3708343506,4.1974786396
428,6,-72.1192016602,41.3730888367,2.6729000361
428,7,-72.0895462036,41.367313385,2.5566239521
428,8,-72.05519104,41.3635101318,2.8980610155
428,9,-71.9239273071,41.3732528687,11.00728226
428,10,-71.8665390015,41.4086265564,6.1959728399
428,11,-71.8010864258,41.447517395,6.9627031859
428,12,-71.6947784424,41.5105285645,11.2926378905
428,13,-71.6731491089,41.5337486267,3.1478434076
428,14,-71.6265335083,41.642326355,12.6804766537
428,15,-71.5563583374,41.6632652283,6.2780841847
428,16,-71.4990539551,41.6671600342,4.7797793825
428,17,-71.4701004028,41.702922821,4.6469964893
428,18,-71.4439544678,41.745098114,5.1673488795
428,19,-71.4256210327,41.7751617432,3.6725393289
428,20,-71.4349212646,41.8071403503,3.6384918027
429,1,-81.8019256592,41.3218078613,863.6651221371
429,2,-81.774017334,41.1342353821,20.9872872801
429,3,-81.824256897,41.0671424866,8.5661289328
429,4,-81.8696594238,41.0319862366,5.4568680931
430,1,-73.6889190674,40.9999084473,686.1184659754
430,2,-73.5649642944,41.0583343506,12.26043128
430,3,-73.3873596191,41.1135902405,16.1033275027
430,4,-73.0716094971,41.2359428406,29.7236899829
430,5,-72.913734436,41.2951431274,14.7461754226
430,6,-72.9109725952,41.2952766418,0.2312092807
431,1,-73.8214492798,40.830947876,92.1545691758
431,2,-73.8359451294,40.8663482666,4.1208547846
431,3,-73.7413864136,40.9687232971,13.8821227145
431,4,-73.6889190674,40.9999084473,5.6054047814
432,1,-73.7397079468,40.7623100281,26.7625549768
432,2,-73.7766571045,40.7823410034,3.8265138772
432,3,-73.7912216187,40.8156204224,3.8982979944
432,4,-73.8214492798,40.830947876,3.061715672
433,1,-73.7233734131,40.7513923645,12.100622788
433,2,-73.7397079468,40.7623100281,1.8348556064
434,1,-73.8477478027,40.743434906,9.3394845659
434,2,-73.7882995605,40.7460708618,5.0167291018
434,3,-73.7397079468,40.7623100281,4.4735915601
435,1,-73.9059677124,40.7534713745,14.0380692412
435,2,-73.8477478027,40.743434906,5.0297785028
436,1,-73.9059677124,40.7534713745,5.0297785028
436,2,-73.9581680298,40.70677948,6.8046252702
436,3,-73.9799957275,40.6968078613,2.1482950715
436,4,-73.9924316406,40.7115859985,1.9491524481
436,5,-73.9981842041,40.7181243896,0.8738695948
437,1,-73.8103408813,40.6689987183,16.7524606422
437,2,-73.8235549927,40.7143745422,5.1670981775
437,3,-73.8477478027,40.743434906,3.8206740195
438,1,-74.1671142578,40.6974334717,27.3962904239
438,2,-74.1387557983,40.6825523376,2.9077344774
438,3,-74.1170196533,40.6666069031,2.5502668706
438,4,-74.1046829224,40.6568145752,1.5061350328
438,5,-74.0931472778,40.66173172,1.1161489056
438,6,-74.0822906494,40.6720733643,1.4699729822
438,7,-74.028427124,40.7177696228,6.8146829888
438,8,-74.0066299438,40.7180252075,1.8372433925
438,9,-73.9981842041,40.7181243896,0.7118739132
439,1,-89.0221557617,40.5424804688,1266.458701556
439,2,-89.0021743774,40.544670105,1.7058588251
439,3,-88.9543457031,40.5503692627,4.0905915856
439,4,-88.8009185791,40.6503067017,17.0668512237
439,5,-88.7623214722,40.6922683716,5.689196005
439,6,-88.748550415,40.7334671021,4.7258411085
439,7,-88.6696395874,40.842754364,13.8495783317
439,8,-88.6464920044,40.898399353,6.4863474773
439,9,-88.5430450439,40.9956626892,13.8727639837
439,10,-88.5330123901,41.017364502,2.5557630495
439,11,-88.4478607178,41.092464447,10.9869810616
439,12,-88.4249801636,41.1135978699,3.0327463382
439,13,-88.3372192383,41.1845283508,10.7797303225
439,14,-88.2623138428,41.2446327209,9.1609782713
439,15,-88.2341308594,41.2829360962,4.8671589587
439,16,-88.2000961304,41.3052864075,3.7764256682
439,17,-88.2004470825,41.4523468018,16.3523959721
439,18,-88.1985092163,41.4909095764,4.2910234941
440,1,-74.3121032715,40.5346069336,1168.6915375261
440,2,-74.2984924316,40.5410728455,1.3564175567
440,3,-74.2698898315,40.5557098389,2.9136541839
440,4,-74.1671142578,40.6974334717,17.9882071963
441,1,-89.0107192993,40.4462890625,1252.5498902198
441,2,-89.0233383179,40.4563140869,1.5436077612
441,3,-89.0334472656,40.4799346924,2.7621984585
441,4,-89.0320510864,40.5094070435,3.27930181
441,5,-89.0221557617,40.5424804688,3.7715004981
442,1,-74.1089859009,40.1740341187,1262.7746502114
442,2,-74.1077804565,40.1867103577,1.4132487607
442,3,-74.103767395,40.2079238892,2.383335235
442,4,-74.0977935791,40.2195663452,1.3904136325
442,5,-74.0904464722,40.2343482971,1.7580481804
442,6,-74.0862884521,40.2455978394,1.29972798
442,7,-74.0851364136,40.2569198608,1.2627419624
442,8,-74.0876922607,40.2665214539,1.0894522493
442,9,-74.0946044922,40.285785675,2.2208972378
442,10,-74.1026611328,40.3064346313,2.3955712019
442,11,-74.1097412109,40.3225288391,1.8875918924
442,12,-74.1190032959,40.3309555054,1.2224761643
442,13,-74.1359634399,40.3423042297,1.9128287946
442,14,-74.1446228027,40.3507156372,1.1888368597
442,15,-74.1526489258,40.3595542908,1.1951803334
442,16,-74.1648635864,40.3698616028,1.5441982126
442,17,-74.1777267456,40.3788032532,1.4750992864
442,18,-74.1935577393,40.3891830444,1.76920213
442,19,-74.2010879517,40.3961601257,1.0042806193
442,20,-74.2108612061,40.4072532654,1.4853945665
442,21,-74.2160568237,40.4128112793,0.7585908694
442,22,-74.2387695313,40.4179344177,2.0054650756
442,23,-74.2471694946,40.4190826416,0.7224775902
442,24,-74.2601547241,40.4254074097,1.3049445217
442,25,-74.2734375,40.4390029907,1.8839652315
442,26,-74.2873764038,40.4515724182,1.8288685929
442,27,-74.2976837158,40.4648208618,1.7119252532
442,28,-74.3033752441,40.472328186,0.9636690241
442,29,-74.3101501465,40.4826774597,1.2855645159
442,30,-74.3078155518,40.5047950745,2.4672772313
442,31,-74.307144165,40.5096740723,0.5454811218
442,32,-74.307975769,40.5186271667,0.9980177186
442,33,-74.3089904785,40.5227737427,0.468987963
442,34,-74.3104934692,40.5296325684,0.7731738398
442,35,-74.3121032715,40.5346069336,0.5696100871
443,1,-88.2840881348,40.1579551697,1183.5809228361
443,2,-88.2097396851,40.2438316345,11.4479209743
443,3,-88.19165802,40.3103065491,7.5491578093
443,4,-88.0722045898,40.5552940369,29.0570038238
443,5,-88.0320510864,40.7126922607,17.8268514207
443,6,-88.0191879272,40.7479286194,4.0652596949
443,7,-88.0084838867,40.7954368591,5.3590255348
443,8,-88.0122375488,40.8190727234,2.6471083422
443,9,-87.9912185669,40.8651008606,5.4149036982
443,10,-87.9710617065,40.8979797363,4.0296073571
443,11,-87.9361114502,40.9116210938,3.3057965597
443,12,-87.9182281494,40.9227409363,1.9459730026
443,13,-87.9168167114,40.958568573,3.9856150585
443,14,-87.8953018188,40.9950523376,4.4407122373
443,15,-87.8894348145,41.0389938354,4.9108031253
443,16,-87.8742980957,41.0614891052,2.8049831995
443,17,-87.840057373,41.0923614502,4.4745994202
443,18,-87.8350601196,41.1231536865,3.4494439147
443,19,-87.8363265991,41.1472206116,2.6782210046
443,20,-87.8590164185,41.1683921814,3.0249714966
443,21,-87.8733825684,41.1808280945,1.8324696641
443,22,-87.8743057251,41.1935462952,1.4163077369
443,23,-87.8631134033,41.2551269531,6.9111403574
443,24,-87.7808685303,41.3952064514,17.0230038201
443,25,-87.779838562,41.4374084473,4.6934337306
443,26,-87.7604598999,41.4780006409,4.7938433591
443,27,-87.7578582764,41.5088348389,3.4354467411
443,28,-87.7563705444,41.5687408447,6.6623946956
444,1,-88.2840881348,40.1579551697,163.0274218881
444,2,-88.3946685791,40.2052268982,10.764755561
444,3,-88.5616149902,40.237411499,14.619144689
444,4,-88.625793457,40.260093689,6.0023769763
444,5,-88.658821106,40.2693901062,2.9869416401
444,6,-88.6930465698,40.280040741,3.1358067896
444,7,-88.7421112061,40.3134498596,5.5781338809
444,8,-88.8717727661,40.3785552979,13.1588200416
444,9,-88.9271316528,40.3987731934,5.1996575196
444,10,-89.001083374,40.4417152405,7.8734515389
444,11,-89.0107192993,40.4462890625,0.9610326387
445,1,-88.2967605591,40.1199836731,70.5990828709
445,2,-88.2902908325,40.1471328735,3.0685485886
445,3,-88.2840881348,40.1579551697,1.3137873472
446,1,-81.8696594238,41.0319862366,550.1089542855
446,2,-81.8892822266,41.0240440369,1.8679883221
446,3,-81.9392776489,41.0046005249,4.7190909044
446,4,-82.0302352905,40.9973106384,7.6759634835
446,5,-82.0548858643,40.9637298584,4.2690497481
446,6,-82.1794509888,40.8851776123,13.6315538962
446,7,-82.2631835938,40.8543624878,7.8302100523
446,8,-82.3884353638,40.8005523682,12.1186993781
446,9,-82.4224472046,40.7738037109,4.1286785229
446,10,-82.4534454346,40.7303581238,5.4914353652
446,11,-82.5082321167,40.6977767944,5.8691812586
446,12,-82.539855957,40.6729049683,3.8417276259
446,13,-82.601348877,40.5827827454,11.2851268866
446,14,-82.6634063721,40.5525627136,6.2264670258
446,15,-82.7274398804,40.4840736389,9.3432300211
446,16,-82.8161468506,40.4317779541,9.4943101711
446,17,-82.8296051025,40.3689842224,7.0747355852
446,18,-82.931350708,40.3083267212,10.9479928488
446,19,-82.9405441284,40.262512207,5.1536809027
446,20,-82.9541015625,40.1792640686,9.328064662
446,21,-82.9776000977,40.1555328369,3.3090813591
446,22,-82.9834899902,40.114402771,4.6007822723
446,23,-82.9916229248,40.0790748596,3.9887319896
446,24,-82.9786376953,39.9801826477,11.0517530157
446,25,-83.0030059814,39.9686737061,2.4391531658
447,1,-81.5446472168,39.9968261719,124.292787474
447,2,-81.6338729858,40.0020904541,7.6228421021
447,3,-81.6839981079,39.9754753113,5.1956262068
447,4,-81.8034286499,39.9637260437,10.2611604272
447,5,-81.83934021,39.9715690613,3.1822385011
447,6,-81.8692626953,39.9796066284,2.7018172902
447,7,-82.012878418,39.9418525696,12.9401522163
447,8,-82.0500869751,39.9414176941,3.1725103834
447,9,-82.4068984985,39.9338912964,30.4325187124
447,10,-82.5449905396,39.9334106445,11.7742572504
447,11,-82.7401046753,39.9404067993,16.6533948554
447,12,-82.7874145508,39.922077179,4.5195827102
447,13,-82.8439331055,39.9310379028,4.9213594642
447,14,-82.9045410156,39.9302597046,5.1685612044
447,15,-82.9289932251,39.94373703,2.5675049334
447,16,-82.9520950317,39.9472770691,2.0083412145
447,17,-82.9766082764,39.9457550049,2.0965215558
447,18,-83.0030059814,39.9686737061,3.3995492521
448,1,-84.183013916,39.8623199463,101.3293452632
448,2,-84.0773620605,39.8629074097,9.0177694075
448,3,-84.0120010376,39.8640480042,5.5800256938
448,4,-83.9634170532,39.8847351074,4.741380727
448,5,-83.9303359985,39.8909797668,2.9066340895
448,6,-83.8563766479,39.8902053833,6.3105463654
448,7,-83.829498291,39.8852043152,2.3597265761
448,8,-83.7228393555,39.8950843811,9.1659121049
448,9,-83.6912994385,39.9193611145,3.8110809769
448,10,-83.6656723022,39.9288024902,2.4244399368
448,11,-83.4340744019,39.9404144287,19.7886115859
448,12,-83.3712844849,39.9515419006,5.4938373077
448,13,-83.3346481323,39.9518890381,3.1231380243
448,14,-83.2552642822,39.9737205505,7.1879486805
448,15,-83.1293182373,39.9698867798,10.7410070251
448,16,-83.0365829468,39.9599304199,7.980438195
448,17,-83.0030059814,39.9686737061,3.0222314591
449,1,-83.5729751587,41.567855835,184.1840093666
449,2,-83.5890045166,41.5470809937,2.6674384347
449,3,-83.5988998413,41.5406990051,1.0871009686
449,4,-83.6089553833,41.5361289978,0.9791215652
449,5,-83.6212615967,41.3458862305,21.1788871728
449,6,-83.6403961182,41.2631149292,9.3415006713
449,7,-83.6591262817,41.2321968079,3.7777639542
449,8,-83.651260376,41.1771011353,6.1615996592
449,9,-83.6666183472,41.1358909607,4.75933392
449,10,-83.6678848267,41.0594444275,8.5011290919
449,11,-83.6700744629,41.0216026306,4.2118212266
449,12,-83.6958236694,40.9880714417,4.3093354936
449,13,-83.7780914307,40.9322090149,9.290084588
449,14,-83.8845672607,40.8759880066,10.9158350861
449,15,-83.962677002,40.8174781799,9.2463624659
449,16,-84.001663208,40.8045768738,3.5809841791
449,17,-84.0524673462,40.7683181763,5.8779448083
449,18,-84.0553665161,40.7272491455,4.5731938522
449,19,-84.0606994629,40.7060546875,2.3991924433
449,20,-84.1002960205,40.6940002441,3.597082511
449,21,-84.1192703247,40.6693649292,3.172356012
449,22,-84.1251144409,40.6408691406,3.206709877
449,23,-84.1581878662,40.6050376892,4.8647715325
449,24,-84.1626205444,40.5552482605,5.548973604
449,25,-84.1662063599,40.4382171631,13.0167961519
449,26,-84.1528320313,40.3857307434,5.9450540363
449,27,-84.1523590088,40.3352966309,5.6081606579
449,28,-84.1745300293,40.3073043823,3.6360987764
449,29,-84.1849822998,40.2576560974,5.5913822337
449,30,-84.2223892212,40.1802062988,9.1790262225
449,31,-84.2133712769,40.1484146118,3.6171763544
449,32,-84.2118911743,40.1262207031,2.4710554308
449,33,-84.2334671021,40.0864295959,4.7899850934
449,34,-84.2329864502,40.023727417,6.9722842042
449,35,-84.1922454834,39.9613609314,7.7548532981
449,36,-84.1807327271,39.8765296936,9.4837625744
449,37,-84.183013916,39.8623199463,1.5920004198
450,1,-86.1527175903,39.805431366,168.302847682
450,2,-86.0053787231,39.9651908875,21.7627157753
450,3,-85.9266281128,39.990650177,7.2828951208
450,4,-85.7911834717,39.996711731,11.5579453118
450,5,-85.7748413086,40.0107498169,2.0914452222
450,6,-85.7588500977,40.0293312073,2.4745354597
450,7,-85.7159423828,40.0452919006,4.0612007898
450,8,-85.5963516235,40.0552520752,10.2393396402
450,9,-85.572807312,40.0790252686,3.3169313883
450,10,-85.5652694702,40.1069259644,3.1679838348
450,11,-85.56590271,40.1173820496,1.1639100534
450,12,-85.5667800903,40.2767028809,17.7158248779
450,13,-85.5495681763,40.4790496826,22.5471255211
450,14,-85.5501785278,40.5662193298,9.6929598198
450,15,-85.549041748,40.5970535278,3.4299501452
450,16,-85.5163497925,40.6500549316,6.5073730615
450,17,-85.4420318604,40.7316818237,11.0292525827
450,18,-85.4060592651,40.7650375366,4.7895059783
450,19,-85.3915405273,40.8063392639,4.7524330686
450,20,-85.3670043945,40.8318748474,3.5107513392
450,21,-85.3547744751,40.8532752991,2.5924870422
450,22,-85.3514022827,40.8894958496,4.0375101531
450,23,-85.2601928711,41.0000305176,14.4828258708
450,24,-85.2545852661,41.0443305969,4.9483563347
450,25,-85.2270507813,41.0956535339,6.1559798094
450,26,-85.1832809448,41.1236877441,4.8129521621
450,27,-85.1683273315,41.1286315918,1.3678307737
450,28,-85.1401824951,41.1394844055,2.6480628417
450,29,-85.1323928833,41.1469421387,1.0550573049
450,30,-85.1187210083,41.1696548462,2.7727981509
450,31,-85.114730835,41.2249183655,6.1540851071
450,32,-85.1021118164,41.2490730286,2.8857083671
450,33,-85.0944213867,41.3641395569,12.8109291868
450,34,-85.0641555786,41.4253616333,7.2606448178
450,35,-85.0629653931,41.4452896118,2.2181102581
450,36,-85.0605697632,41.5861091614,15.6596898086
450,37,-85.0506057739,41.6407089233,6.1274651139
450,38,-85.0128479004,41.6812210083,5.4891932301
450,39,-85.0080337524,41.7101287842,3.2391544898
450,40,-85.0033340454,41.7354164124,2.8387791751
451,1,-86.1527175903,39.805431366,235.4159598206
451,2,-86.162361145,39.8233413696,2.1551123231
451,3,-86.1844329834,39.8321304321,2.123124566
451,4,-86.2679977417,39.8529090881,7.4992529281
451,5,-86.3114471436,39.8730735779,4.3335882853
451,6,-86.3371734619,39.9013938904,3.8385740424
451,7,-86.3361740112,39.9381141663,4.0839978933
451,8,-86.4359970093,40.0313110352,13.406140795
451,9,-86.4732208252,40.0467300415,3.6030023093
451,10,-86.4997634888,40.0587043762,2.6223418245
451,11,-86.5130233765,40.1012077332,4.858940636
451,12,-86.5626373291,40.1944656372,11.194447519
451,13,-86.6587677002,40.2747001648,12.0907081639
451,14,-86.7514266968,40.3257484436,9.693666024
451,15,-86.8126373291,40.4141693115,11.1156418555
451,16,-86.8418273926,40.4460830688,4.3240240659
451,17,-86.8422775269,40.4665031433,2.2709280601
451,18,-86.8517684937,40.487575531,2.476843178
451,19,-86.8781890869,40.5089950562,3.2654978012
451,20,-87.044708252,40.6788368225,23.5445780364
451,21,-87.1256332397,40.7788391113,13.044100705
451,22,-87.153175354,40.80884552,4.0630391334
451,23,-87.2669677734,41.0141868591,24.7543609941
451,24,-87.2734375,41.0601348877,5.1379225857
451,25,-87.2641296387,41.1425743103,9.1999630443
451,26,-87.2940444946,41.2007331848,6.9347852318
451,27,-87.3046188354,41.2926063538,10.2540121037
451,28,-87.3318328857,41.3620681763,8.051149839
451,29,-87.3291625977,41.3892593384,3.0317177165
451,30,-87.322769165,41.4772224426,9.7955622442
451,31,-87.3006515503,41.5572090149,9.0827326138
451,32,-87.2972106934,41.5689544678,1.3370416986
452,1,-88.2840881348,40.1579551697,177.4893680101
452,2,-88.2380905151,40.1393623352,4.4225342124
452,3,-88.1990203857,40.1376075745,3.3269709311
452,4,-88.1511764526,40.1230430603,4.3781162967
452,5,-87.9055557251,40.1342353821,20.9196132942
452,6,-87.7690353394,40.1333427429,11.606448018
452,7,-87.7079315186,40.1234169006,5.3109888828
452,8,-87.6680145264,40.1083297729,3.7863016298
452,9,-87.6385726929,40.1074447632,2.5058290805
452,10,-87.6142349243,40.1184234619,2.4028742048
452,11,-87.53540802,40.1225738525,6.7185010004
452,12,-87.4540176392,40.1268081665,6.9361754591
452,13,-87.3404006958,40.124458313,9.6636230564
452,14,-87.3069229126,40.1374855042,3.1935867978
452,15,-87.2468185425,40.1355171204,5.114142172
452,16,-87.1175231934,40.1340484619,10.9928531851
452,17,-87.0341186523,40.1102180481,7.5705817439
452,18,-86.9162139893,40.0942459106,10.1841523345
452,19,-86.8375396729,40.0753746033,7.0143953524
452,20,-86.8056106567,40.0570106506,3.3988553796
452,21,-86.7878189087,40.0348587036,2.8915294792
452,22,-86.5059738159,39.8941917419,28.6638990098
452,23,-86.4356079102,39.8852386475,6.0854393925
452,24,-86.3486404419,39.8449783325,8.6680499851
452,25,-86.3007278442,39.8310661316,4.3735957768
452,26,-86.1527175903,39.805431366,12.9584373403
453,1,-86.1527175903,39.805431366,0
453,2,-86.04712677,39.7962188721,9.0784130603
453,3,-85.9960479736,39.7993354797,4.3775023804
453,4,-85.8959197998,39.8246269226,9.002896836
453,5,-85.772354126,39.8273735046,10.5565460525
453,6,-85.6565856934,39.8284111023,9.8866680725
453,7,-85.525932312,39.8497543335,11.404929645
453,8,-85.418548584,39.8517532349,9.1696287397
453,9,-84.9283447266,39.8652610779,41.8689846911
453,10,-84.8844528198,39.8668327332,3.7501222427
453,11,-84.8547821045,39.8633956909,2.561021734
453,12,-84.8187179565,39.8395423889,4.0636165203
453,13,-84.8110427856,39.8349876404,0.8282283264
453,14,-84.8073425293,39.8338470459,0.3404569863
453,15,-84.7899627686,39.8284873962,1.5992587371
453,16,-84.6290969849,39.8354682922,13.7581609273
453,17,-84.472869873,39.8347129822,13.3398117955
453,18,-84.4119262695,39.8503646851,5.4864974377
453,19,-84.3712539673,39.852142334,3.4776345158
453,20,-84.3316040039,39.8520393372,3.3847180025
453,21,-84.183013916,39.8623199463,12.7347861029
454,1,-89.6149215698,39.7879066467,463.8765947218
454,2,-89.5245513916,39.8224105835,8.6205197826
454,3,-89.4964065552,39.8246803284,2.4167825973
454,4,-89.290397644,39.8290405273,17.5989822833
454,5,-89.2293395996,39.8212127686,5.2863841645
454,6,-89.0346755981,39.8297119141,16.6506749733
454,7,-89.0328063965,39.8401298523,1.1693649862
454,8,-89.0157394409,39.8844947815,5.143731947
454,9,-88.9959106445,39.8912200928,1.8497020888
454,10,-88.9665374756,39.8920059204,2.5075040264
454,11,-88.8993835449,39.8939666748,5.7332907172
454,12,-88.8711471558,39.9015388489,2.551698739
454,13,-88.7895584106,39.9682044983,10.1657239784
454,14,-88.7863998413,39.9840545654,1.7828788253
454,15,-88.7825469971,40.008972168,2.7900818238
454,16,-88.7505874634,40.0223884583,3.1037342042
454,17,-88.5923614502,40.045375824,13.7113988666
454,18,-88.4983215332,40.1122245789,10.921105412
454,19,-88.2967605591,40.1199836731,17.1614841194
455,1,-89.6149215698,39.7879066467,118.2676177794
455,2,-89.6089553833,39.8024177551,1.6921578663
455,3,-89.6012115479,39.830078125,3.1460018466
455,4,-89.5875244141,39.8989982605,7.7520931108
455,5,-89.5941390991,39.9203071594,2.4356842823
455,6,-89.5737991333,39.9611206055,4.8582593207
455,7,-89.5300140381,39.9915161133,5.034181094
455,8,-89.4729614258,40.0672340393,9.7202891486
455,9,-89.4224395752,40.1130104065,6.6618327818
455,10,-89.3971328735,40.1515312195,4.7932825308
455,11,-89.3971099854,40.164680481,1.4621324609
455,12,-89.3188858032,40.1700363159,6.6734224297
455,13,-89.2651443481,40.2270774841,7.8142935292
455,14,-89.2271118164,40.2505836487,4.1537267107
455,15,-89.2077178955,40.2786521912,3.5283145355
455,16,-89.1611557007,40.3134536743,5.5289242444
455,17,-89.0107192993,40.4462890625,19.5075855922
456,1,-75.5746536255,39.688873291,1145.3400012786
456,2,-75.5399475098,39.6901473999,2.973052423
456,3,-75.5195083618,39.682636261,1.9381685857
456,4,-75.5073852539,39.6781768799,1.1498759413
456,5,-75.4974136353,39.6717910767,1.1101864015
457,1,-75.4974136353,39.6717910767,0
457,2,-75.4861755371,39.6675338745,1.072053889
457,3,-75.4724121094,39.6682128906,1.18047207
457,4,-75.4617004395,39.666229248,0.9430127446
457,5,-75.4515380859,39.666519165,0.8704437835
457,6,-75.4425201416,39.6686325073,0.8068559636
457,7,-75.4189605713,39.676864624,2.2144415776
457,8,-75.3972091675,39.6851119995,2.0750628168
457,9,-75.3815002441,39.6907463074,1.4830190462
457,10,-75.3584823608,39.7007789612,2.2633971106
457,11,-75.3391723633,39.7068023682,1.7825580501
457,12,-75.3203887939,39.714630127,1.8273601971
457,13,-75.2972564697,39.7278327942,2.4636246693
457,14,-75.278968811,39.7393035889,2.0180146673
457,15,-75.2702331543,39.7504806519,1.4499862203
457,16,-75.2532348633,39.7574577332,1.6472569307
457,17,-75.2355041504,39.7693862915,2.0139872772
457,18,-75.2123794556,39.7812080383,2.3734911727
457,19,-75.1905136108,39.791229248,2.1754167041
457,20,-75.1771392822,39.7977867126,1.3554771375
457,21,-75.1624908447,39.8061256409,1.5574693611
457,22,-75.1393203735,39.8192901611,2.4616069417
457,23,-75.1185913086,39.8302383423,2.1484260003
457,24,-75.0910644531,39.8473892212,3.0266755941
458,1,-74.5584564209,39.4047279358,67.107978871
458,2,-74.5533447266,39.4132194519,1.0413460159
458,3,-74.5456619263,39.426197052,1.5867920313
458,4,-74.5422515869,39.43699646,1.2360437239
458,5,-74.5383148193,39.4455184937,1.0061040529
458,6,-74.5319366455,39.4557952881,1.2671763309
458,7,-74.5273208618,39.4665679932,1.261710699
458,8,-74.5237503052,39.4809951782,1.6332416357
458,9,-74.5196762085,39.4931488037,1.3959147718
458,10,-74.5168991089,39.5026054382,1.0781903241
458,11,-74.5112762451,39.5088195801,0.8427161766
458,12,-74.5031738281,39.5167884827,1.1261845619
458,13,-74.4951400757,39.523853302,1.0449797743
458,14,-74.4877166748,39.5300254822,0.9361612823
458,15,-74.4814682007,39.5366783142,0.9134546113
458,16,-74.4703369141,39.5459289551,1.403263148
458,17,-74.464553833,39.5557670593,1.2010693082
458,18,-74.4576416016,39.5642166138,1.110801424
458,19,-74.4517440796,39.5763244629,1.438102311
458,20,-74.4460144043,39.5847969055,1.0623835899
458,21,-74.4409179688,39.5923843384,0.9500143021
458,22,-74.4333877563,39.600818634,1.1383522758
458,23,-74.4216537476,39.6100540161,1.4370537053
458,24,-74.4032211304,39.6218490601,2.0525730888
458,25,-74.3836746216,39.6317901611,2.0060711741
458,26,-74.3707122803,39.6414451599,1.5442360239
458,27,-74.3523406982,39.6514129639,1.9242439716
458,28,-74.3345489502,39.6618614197,1.9156319871
458,29,-74.3203964233,39.6710205078,1.582618219
458,30,-74.305557251,39.6819839478,1.760393156
458,31,-74.2948226929,39.6948699951,1.7019976811
458,32,-74.2885055542,39.7024116516,0.9976672377
458,33,-74.278793335,39.7171821594,1.8405748467
458,34,-74.2705383301,39.7278594971,1.3813232166
458,35,-74.2615585327,39.7412261963,1.6729418362
458,36,-74.2537384033,39.7555427551,1.7266213401
458,37,-74.2446517944,39.7711830139,1.9046664035
458,38,-74.2378387451,39.7896003723,2.1290654088
458,39,-74.2325439453,39.8139533997,2.7454497016
458,40,-74.232421875,39.8298225403,1.7645987242
458,41,-74.2325286865,39.8407096863,1.2106297588
458,42,-74.2286605835,39.8601150513,2.182897831
458,43,-74.2243652344,39.8754234314,1.7412406067
458,44,-74.220741272,39.8893890381,1.5833920428
458,45,-74.2189865112,39.9015884399,1.3647467363
458,46,-74.2212524414,39.9179725647,1.8320541598
458,47,-74.22290802,39.934337616,1.82517871
458,48,-74.226020813,39.9453048706,1.2480446178
458,49,-74.2261657715,39.9552841187,1.1097105449
458,50,-74.2256546021,39.9666137695,1.2605527796
458,51,-74.2227706909,39.9769744873,1.1779793784
458,52,-74.217628479,39.9845542908,0.9499142904
458,53,-74.2077407837,39.9906463623,1.0809720828
458,54,-74.1983642578,39.9985694885,1.1891994774
458,55,-74.1899719238,40.011051178,1.5611605894
458,56,-74.1840286255,40.0226860046,1.3892123683
458,57,-74.1792755127,40.0348052979,1.4070604554
458,58,-74.1733779907,40.045085907,1.2485424241
458,59,-74.1643829346,40.057559967,1.5843280534
458,60,-74.1523742676,40.0699501038,1.7153676489
458,61,-74.1453399658,40.0788383484,1.1554350642
458,62,-74.1351776123,40.0903625488,1.5458107365
458,63,-74.1274414063,40.1014976501,1.4021699481
458,64,-74.1200561523,40.1176376343,1.9014101002
458,65,-74.1166152954,40.1270675659,1.0886114145
458,66,-74.1129379272,40.1410331726,1.5840599979
458,67,-74.1092987061,40.1545410156,1.5335228692
458,68,-74.1091461182,40.1577148438,0.3531517544
458,69,-74.1100616455,40.1640853882,0.7126318509
458,70,-74.1089859009,40.1740341187,1.1100181432
459,1,-74.5584564209,39.4047279358,93.7676896563
459,2,-74.5800323486,39.4161148071,2.2447833748
459,3,-74.5925445557,39.4309196472,1.9659883189
459,4,-74.6044311523,39.4466133118,2.0216837192
459,5,-74.6258468628,39.4625282288,2.5519500439
459,6,-74.6496047974,39.479850769,2.805152395
459,7,-74.6722183228,39.4962463379,2.6626304505
459,8,-74.7076873779,39.5197105408,4.0083384257
459,9,-74.7390823364,39.5412712097,3.6051926365
459,10,-74.7617645264,39.5567398071,2.5962770396
459,11,-74.7868728638,39.5717964172,2.7268098219
459,12,-74.8177566528,39.591960907,3.4688006919
459,13,-74.8416366577,39.6083450317,2.7395345001
459,14,-74.8625946045,39.623298645,2.4469489665
459,15,-74.8766098022,39.6322097778,1.5564547668
459,16,-74.885345459,39.6382904053,1.0083451762
459,17,-74.9048538208,39.6441345215,1.7923755829
459,18,-74.9172592163,39.648021698,1.1467312584
459,19,-74.9254302979,39.653629303,0.9371149107
459,20,-74.9292526245,39.663684845,1.1650191111
459,21,-74.9324798584,39.6737327576,1.1509163081
459,22,-74.9370269775,39.6801719666,0.8149264397
459,23,-74.945640564,39.6903266907,1.3484335212
459,24,-74.9561080933,39.6986999512,1.2918921503
459,25,-74.9707870483,39.7062530518,1.5107548178
459,26,-74.99559021,39.7153663635,2.3512400969
459,27,-75.0138549805,39.7234420776,1.801873467
459,28,-75.0291671753,39.7305488586,1.5294631467
459,29,-75.0361557007,39.736125946,0.8612243188
459,30,-75.0408172607,39.7398452759,0.5743836121
459,31,-75.0404815674,39.7493629456,1.0587056918
459,32,-75.0464782715,39.7667160034,1.9965002534
459,33,-75.0507202148,39.7831192017,1.8596294812
459,34,-75.0522003174,39.792224884,1.0203732574
459,35,-75.0532455444,39.7967720032,0.5134419522
459,36,-75.0543289185,39.7999763489,0.3681316419
459,37,-75.0566558838,39.802280426,0.3242773555
459,38,-75.0694885254,39.8120574951,1.5438597929
459,39,-75.0770721436,39.8180961609,0.9329590491
459,40,-75.0816726685,39.8240814209,0.772852075
459,41,-75.0854873657,39.8350410461,1.2614397052
459,42,-75.086479187,39.8414115906,0.7134160694
459,43,-75.0881881714,39.843711853,0.2944672123
459,44,-75.0910644531,39.8473892212,0.4769702712
460,1,-74.4898300171,39.3655738831,74.3186644567
460,2,-74.5107955933,39.3741760254,2.0403272336
460,3,-74.5137786865,39.3759994507,0.326889045
460,4,-74.5189590454,39.3802032471,0.6455655341
460,5,-74.526473999,39.3858299255,0.8992215003
460,6,-74.5387039185,39.3924674988,1.2842726987
460,7,-74.5491104126,39.399974823,1.2233049105
460,8,-74.5584564209,39.4047279358,0.9613409382
461,1,-75.5746536255,39.688873291,92.6827270135
461,2,-75.5971755981,39.696472168,2.1041417667
461,3,-75.608039856,39.6925544739,1.0265620593
461,4,-75.6798019409,39.6682281494,6.7105530011
461,5,-75.7257843018,39.6453094482,4.6893350733
461,6,-75.7867889404,39.6396026611,5.2619021289
461,7,-75.8143997192,39.6370124817,2.3817823217
461,8,-75.8771820068,39.6342163086,5.3852242701
461,9,-75.8961715698,39.6399002075,1.744607314
461,10,-75.9722366333,39.6308784485,6.5905039046
461,11,-76.0655212402,39.5952606201,8.9184885714
461,12,-76.1303710938,39.5755844116,5.9724948336
461,13,-76.1945266724,39.5264015198,7.7565997216
461,14,-76.2188491821,39.4999046326,3.6102986774
461,15,-76.3144302368,39.4518890381,9.7881399618
461,16,-76.3927993774,39.4313011169,7.1084921898
461,17,-76.4481735229,39.3914337158,6.5025273912
461,18,-76.5016784668,39.3533439636,6.2522769428
462,1,-76.6673431396,39.2267303467,20.0368150273
462,2,-76.6816482544,39.2222938538,1.32731898
462,3,-76.6929779053,39.2182922363,1.0726373454
462,4,-76.7007064819,39.2169761658,0.6816962062
462,5,-76.7060394287,39.2179222107,0.4713148514
462,6,-76.7161483765,39.2175331116,0.8719412026
462,7,-76.7268218994,39.2189559937,0.9330103248
463,1,-76.6673431396,39.2267303467,5.1960273639
463,2,-76.6603317261,39.2171630859,1.2233285489
463,3,-76.6538162231,39.2153053284,0.5981152895
463,4,-76.6396560669,39.2079544067,1.4684899808
463,5,-76.6301956177,39.2042655945,0.9125187318
463,6,-76.6207199097,39.2019309998,0.8567595751
463,7,-76.6154022217,39.2000808716,0.5022813003
463,8,-76.6064834595,39.2009239197,0.7742194562
463,9,-76.5711212158,39.2040405273,3.0666969979
463,10,-76.5506057739,39.2059516907,1.7804160169
463,11,-76.5339279175,39.2103614807,1.5183214541
463,12,-76.5062561035,39.2310295105,3.3111951383
463,13,-76.5021286011,39.2341308594,0.4952835002
463,14,-76.49609375,39.2408828735,0.9131373344
463,15,-76.4876556396,39.249420166,1.1954865858
463,16,-76.4792861938,39.2538871765,0.8752576266
463,17,-76.4738922119,39.2570228577,0.5807485575
463,18,-76.4618911743,39.2650756836,1.36724647
463,19,-76.4600753784,39.2673301697,0.2954317833
463,20,-76.4647750854,39.2714500427,0.61118174
463,21,-76.4777679443,39.2765426636,1.2536002621
463,22,-76.4978790283,39.2835083008,1.8963804216
463,23,-76.506729126,39.2890129089,0.9771365426
463,24,-76.5084609985,39.2926521301,0.4312373395
463,25,-76.5054168701,39.297618866,0.6112527102
463,26,-76.496383667,39.3057022095,1.1882872761
463,27,-76.4880065918,39.3097114563,0.8474763614
463,28,-76.4814453125,39.3114776611,0.5976815809
463,29,-76.4760742188,39.3127937317,0.4847059214
463,30,-76.4719009399,39.3141174316,0.3880292607
463,31,-76.4818649292,39.3232650757,1.3301627633
463,32,-76.4930801392,39.3301582336,1.2321048513
463,33,-76.4942169189,39.3337936401,0.4158946052
463,34,-76.4987945557,39.3465232849,1.4691949896
463,35,-76.5016784668,39.3533439636,0.7979347943
464,1,-84.183013916,39.8623199463,660.2635651914
464,2,-84.1890716553,39.7597389221,11.4182192199
464,3,-84.1942367554,39.7185592651,4.6002177167
464,4,-84.2275314331,39.6772384644,5.4060344678
464,5,-84.2289352417,39.6217155457,6.1750366307
464,6,-84.2489852905,39.5801887512,4.9267438596
464,7,-84.2929077148,39.550994873,4.9712416121
464,8,-84.3066253662,39.5316123962,2.4553361833
464,9,-84.3202896118,39.5054168701,3.1397857765
464,10,-84.3268814087,39.4487037659,6.3315377914
464,11,-84.3574066162,39.4179382324,4.3099663686
464,12,-84.3652954102,39.3502426147,7.5578808212
464,13,-84.3815917969,39.3334350586,2.3359830342
464,14,-84.4130477905,39.3194236755,3.1221826495
464,15,-84.4207382202,39.2876358032,3.5960542458
464,16,-84.478302002,39.1676177979,14.236726123
464,17,-84.5187835693,39.1371536255,4.8641103459
465,1,-86.1527175903,39.805431366,158.7163063219
465,2,-86.0102157593,39.7171669006,15.6427044515
465,3,-85.9909439087,39.6826057434,4.1817816881
465,4,-85.9676055908,39.6706085205,2.4018812142
465,5,-85.9587860107,39.6431427002,3.1460022878
465,6,-85.8917236328,39.6212654114,6.2370089293
465,7,-85.7811126709,39.5422668457,12.9236400233
465,8,-85.5882873535,39.4302330017,20.7128436196
465,9,-85.5192337036,39.3649787903,9.3731479317
465,10,-85.4837799072,39.3497695923,3.4859143999
465,11,-85.3810501099,39.3210639954,9.3940300423
465,12,-85.2411956787,39.314250946,12.0548598152
465,13,-85.1424331665,39.2874183655,9.0066808063
465,14,-84.9884414673,39.287612915,13.2529188557
465,15,-84.9478912354,39.2728118896,3.8587903171
465,16,-84.9350204468,39.2646598816,1.4315417922
465,17,-84.8932113647,39.2629966736,3.6041567374
465,18,-84.8498764038,39.279624939,4.1634630648
465,19,-84.8161697388,39.272277832,3.0141828423
465,20,-84.8120193481,39.2687721252,0.5287775936
465,21,-84.782951355,39.2442245483,3.7032944038
465,22,-84.7404556274,39.2244300842,4.2709075221
465,23,-84.7219696045,39.2182312012,1.7352306642
465,24,-84.6756591797,39.2136421204,4.0221595189
465,25,-84.6563110352,39.1865768433,3.4404736141
465,26,-84.635383606,39.179599762,1.9635169655
465,27,-84.5775222778,39.1660919189,5.2090761232
465,28,-84.5313186646,39.1437187195,4.6968774609
465,29,-84.5187835693,39.1371536255,1.3044557893
466,1,-83.0030059814,39.9686737061,159.4873114873
466,2,-83.0433959961,39.8769760132,10.7623518823
466,3,-83.0575866699,39.8509140015,3.1408797821
466,4,-83.0803527832,39.8349189758,2.6346113658
466,5,-83.1280288696,39.8232498169,4.2729820295
466,6,-83.185760498,39.8174667358,4.9722653271
466,7,-83.2991409302,39.7654876709,11.2804281989
466,8,-83.4402160645,39.6880187988,14.8243721117
466,9,-83.6153182983,39.6200752258,16.7867249408
466,10,-83.7645721436,39.5404510498,15.5565684251
466,11,-83.8421783447,39.5188140869,7.0773242124
466,12,-83.934928894,39.4999847412,8.2278410433
466,13,-83.9778671265,39.4591407776,5.848702104
466,14,-84.0029602051,39.4460220337,2.6018587165
466,15,-84.1070251465,39.4282836914,9.1519883432
466,16,-84.1811523438,39.3970680237,7.2526792567
466,17,-84.2117004395,39.3917884827,2.6898694988
466,18,-84.2653961182,39.3661651611,5.4237779088
466,19,-84.2868804932,39.3154602051,5.9331392715
466,20,-84.3544845581,39.2676734924,7.8792109204
466,21,-84.3787841797,39.2036170959,7.4238442602
466,22,-84.3907928467,39.173412323,3.5144619515
466,23,-84.4190979004,39.16456604,2.630926675
466,24,-84.4378356934,39.148979187,2.3694216679
466,25,-84.4709701538,39.1471214294,2.8647607046
466,26,-84.479888916,39.1470756531,0.7691240515
466,27,-84.5004501343,39.125919342,2.9460034385
466,28,-84.5151519775,39.1241798401,1.2828722685
467,1,-84.5187835693,39.1371536255,1.4762353394
467,2,-84.5151519775,39.1241798401,1.4762353394
468,1,-86.1527175903,39.805431366,159.6825971552
468,2,-86.1632385254,39.7594413757,5.1922773598
468,3,-86.2006149292,39.7536277771,3.2597948064
468,4,-86.2573013306,39.7179107666,6.2664595536
468,5,-86.3840408325,39.6648826599,12.3437357467
468,6,-86.4702224731,39.6184692383,9.0050049617
468,7,-86.6427688599,39.5585861206,16.2159198596
468,8,-86.6875,39.5437278748,4.1758741527
468,9,-86.7985305786,39.5262260437,9.718554887
468,10,-86.8866119385,39.5208320618,7.5786575033
468,11,-86.9449157715,39.5084342957,5.1879705638
468,12,-87.0245819092,39.4637832642,8.4494053773
468,13,-87.1483078003,39.4530258179,10.6892614909
468,14,-87.1869659424,39.4555625916,3.331041983
468,15,-87.218421936,39.4407234192,3.1650938696
468,16,-87.2649993896,39.4374847412,4.0160579764
468,17,-87.2964553833,39.4217224121,3.2204029417
468,18,-87.351890564,39.4204216003,4.7639724052
468,19,-87.4179458618,39.4224472046,5.6784630765
468,20,-87.47631073,39.4442634583,5.5686988772
468,21,-87.5391464233,39.4329185486,5.5416031769
468,22,-87.5708999634,39.4271697998,2.8011303596
468,23,-87.693862915,39.4167709351,10.6252507572
468,24,-87.7497711182,39.3953514099,5.3615063658
468,25,-87.8077697754,39.3848190308,5.1199330424
468,26,-87.8680648804,39.3507118225,6.422531598
468,27,-87.9901123047,39.3187026978,11.0836481981
468,28,-88.0364837646,39.2902450562,5.09236505
468,29,-88.1518936157,39.2539215088,10.7242984928
468,30,-88.4051971436,39.1630249023,24.0512945455
468,31,-88.5859909058,39.0842552185,17.8870978668
469,1,-88.5859909058,39.0842552185,#VALUE!
469,2,-88.4930038452,39.206829071,15.8135481164
469,3,-88.4761276245,39.224822998,2.4732859665
469,4,-88.4745635986,39.2515563965,2.9756685226
469,5,-88.4238052368,39.3485870361,11.6398144243
469,6,-88.3956069946,39.4031944275,6.5379284046
469,7,-88.3811340332,39.4153022766,1.8326696772
469,8,-88.3341369629,39.4493255615,5.5321337528
469,9,-88.3289489746,39.4751167297,2.9022242653
469,10,-88.3225784302,39.5738868713,10.99632239
469,11,-88.3026733398,39.6222076416,5.6371965368
469,12,-88.295753479,39.7150764465,10.3435114872
469,13,-88.2657623291,39.7900466919,8.7216738973
469,14,-88.260559082,39.8838500977,10.4399200575
469,15,-88.2834701538,39.911277771,3.6223532647
469,16,-88.2970199585,39.9254646301,1.9554624988
469,17,-88.2967605591,40.1199836731,21.6295419924
470,1,-76.7268218994,39.2189559937,994.6250365343
470,2,-76.8409423828,39.1425552368,12.9971914555
470,3,-76.9534072876,39.0170936584,16.9958830942
471,1,-74.9069976807,38.9672698975,176.942401878
471,2,-74.8942871094,38.9773445129,1.5691827153
471,3,-74.8862075806,38.9880599976,1.3810857103
471,4,-74.8739471436,38.999584198,1.6627589532
471,5,-74.8547210693,39.0236625671,3.1508449577
471,6,-74.8404159546,39.0419502258,2.3794548487
471,7,-74.8266448975,39.0620613098,2.532762432
471,8,-74.8154144287,39.0772323608,1.9457007922
471,9,-74.7923965454,39.1062049866,3.7848322683
471,10,-74.7786560059,39.12449646,2.3541685235
471,11,-74.7668991089,39.1373901367,1.7561031601
471,12,-74.7508544922,39.1538162231,2.2914041301
471,13,-74.7323913574,39.1710853577,2.4942336811
471,14,-74.7169113159,39.1875190735,2.2626459045
471,15,-74.701461792,39.2030448914,2.1801340992
471,16,-74.6983642578,39.2066040039,0.4773422496
471,17,-74.6767425537,39.2278785706,3.0109405226
471,18,-74.6544647217,39.25050354,3.1638917757
471,19,-74.6389007568,39.2682800293,2.3880526005
471,20,-74.6311950684,39.2826156616,1.7265400807
471,21,-74.6252746582,39.3030471802,2.3283085103
471,22,-74.6244888306,39.3057861328,0.3119727587
471,23,-74.6185302734,39.317237854,1.3726876533
471,24,-74.6064758301,39.3360061646,2.3303200257
471,25,-74.5982208252,39.3489723206,1.6070606146
471,26,-74.5875396729,39.3627815247,1.7891799439
471,27,-74.5800170898,39.3721237183,1.2236420823
471,28,-74.5706176758,39.3837013245,1.5198726389
471,29,-74.5661697388,39.3908500671,0.8820378306
471,30,-74.5629501343,39.3966712952,0.703938814
471,31,-74.5584564209,39.4047279358,0.9755229075
472,1,-84.5151519775,39.1241798401,857.3121400271
472,2,-84.5265808105,39.107170105,2.1329745541
472,3,-84.5350036621,39.0880966187,2.2419690422
472,4,-84.5358428955,39.0861930847,0.2237137757
472,5,-84.5523452759,39.0495223999,4.3193153223
472,6,-84.6038284302,39.0373573303,4.6473853427
472,7,-84.657661438,38.9949951172,6.6196162932
472,8,-84.6566238403,38.9749832153,2.2270284577
472,9,-84.6382293701,38.868976593,11.8943268384
473,1,-121.9415817261,38.8415641785,3207.149647602
473,2,-122.1320877075,39.1188659668,34.9561709107
473,3,-122.1247024536,39.1572990417,4.3207686611
473,4,-122.1306762695,39.1661300659,1.1088395918
473,5,-122.1621780396,39.2079544067,5.3851497324
473,6,-122.1651535034,39.2663879395,6.5025638161
473,7,-122.1965332031,39.2973098755,4.3722798033
473,8,-122.2086639404,39.738986969,49.1232738622
473,9,-122.200881958,39.9213790894,20.2919620638
473,10,-122.1981582642,40.0082206726,9.659133043
473,11,-122.2195892334,40.0795326233,8.1366792614
473,12,-122.2144012451,40.1405944824,6.804088524
473,13,-122.2086639404,40.1776161194,4.145390757
473,14,-122.2344741821,40.2255935669,5.767629862
473,15,-122.2666702271,40.2696647644,5.6108262194
473,16,-122.2766647339,40.2987670898,3.3452396335
473,17,-122.2811203003,40.3508148193,5.7997560628
473,18,-122.2724456787,40.4297485352,8.8077220313
473,19,-122.2776412964,40.4590530396,3.2880407443
473,20,-122.3111343384,40.4862670898,4.1453013799
473,21,-122.3439407349,40.5362167358,6.2080938163
473,22,-122.3493881226,40.5764160156,4.4935840253
473,23,-122.3486785889,40.607334137,3.4384602148
473,24,-122.349029541,40.6200370789,1.4128133026
473,25,-122.3027496338,40.723285675,12.1260468365
473,26,-122.3076705933,40.8053131104,9.1304453993
473,27,-122.3276977539,40.8453674316,4.7619644002
473,28,-122.4054107666,40.9070587158,9.4735475378
473,29,-122.4324569702,40.9340782166,3.7670444494
473,30,-122.438949585,40.9710655212,4.1487863284
473,31,-122.3896560669,41.044052124,9.1089866537
473,32,-122.3606872559,41.0643615723,3.3166668029
473,33,-122.331237793,41.1028556824,4.9410210648
473,34,-122.323928833,41.1354255676,3.6729945009
473,35,-122.310874939,41.1486968994,1.8364663368
473,36,-122.2449188232,41.2314071655,10.7258509396
473,37,-122.2535552979,41.2487754822,2.0618593324
473,38,-122.2886352539,41.2759628296,4.2114893832
473,39,-122.3406829834,41.3247032166,6.9481650576
473,40,-122.3893356323,41.4081230164,10.1255273436
473,41,-122.4238967896,41.4189414978,3.1230734542
473,42,-122.4308166504,41.4291000366,1.2683973071
473,43,-122.4580993652,41.496131897,7.7926003756
473,44,-122.5344009399,41.6306343079,16.2474861572
473,45,-122.6172332764,41.6661491394,7.9349421118
473,46,-122.6342086792,41.6935997009,3.3622014296
473,47,-122.6297302246,41.7374572754,4.8908862356
473,48,-122.5921325684,41.7759361267,5.2946310762
473,49,-122.5850830078,41.8189926147,4.8231961587
473,50,-122.5581970215,41.8688240051,5.9718332067
473,51,-122.6006317139,41.9747924805,12.2950741523
473,52,-122.5990066528,42.000793457,2.8942947381
473,53,-122.5879592896,42.0291519165,3.2827393398
473,54,-122.5738067627,42.0390815735,1.6078905171
473,55,-122.5752944946,42.0784873962,4.3834486542
473,56,-122.6337509155,42.1260910034,7.1608204373
473,57,-122.6579284668,42.1858673096,6.9391798178
473,58,-122.6747817993,42.2092590332,2.9483657769
473,59,-122.7571868896,42.2515983582,8.2581611991
473,60,-122.8502197266,42.3188591003,10.7007654588
473,61,-122.8665618896,42.3572731018,4.4776618315
473,62,-122.9125747681,42.3788566589,4.4776644652
473,63,-122.9335632324,42.406124115,3.4876798697
473,64,-123.0402832031,42.4175796509,8.8534992433
473,65,-123.0844726563,42.4173355103,3.6275977533
473,66,-123.1086196899,42.4089202881,2.192107272
473,67,-123.128326416,42.4134521484,1.6945413028
473,68,-123.147102356,42.4353294373,2.8797336604
473,69,-123.1645355225,42.4422492981,1.6243958209
473,70,-123.2095031738,42.4227981567,4.27758386
473,71,-123.2792282104,42.4440307617,6.1901714423
473,72,-123.32862854,42.4666786194,4.7714972083
473,73,-123.3600158691,42.4892845154,3.5978341974
473,74,-123.3538284302,42.530128479,4.5698726582
473,75,-123.3807525635,42.5647926331,4.4409112235
473,76,-123.3766555786,42.5946044922,3.3318568321
473,77,-123.3939056396,42.6324806213,4.4419041886
473,78,-123.3736038208,42.6899681091,6.6043596298
473,79,-123.3489303589,42.7071151733,2.775062817
473,80,-123.350151062,42.7476005554,4.5028732062
473,81,-123.3187637329,42.7600631714,2.9133938026
473,82,-123.2813796997,42.7618675232,3.0585637085
473,83,-123.2542419434,42.7800331116,2.9978117956
473,84,-123.2660293579,42.8204689026,4.5979524893
473,85,-123.2411956787,42.8508110046,3.9349073815
473,86,-123.2436676025,42.8716545105,2.3264328425
473,87,-123.2237319946,42.8940162659,2.9700382107
473,88,-123.2643814087,42.9212341309,4.485566253
473,89,-123.3100585938,42.9468383789,4.6833346556
473,90,-123.3210525513,42.9773025513,3.5036016121
473,91,-123.3097305298,43.0111198425,3.8714157538
473,92,-123.3350830078,43.0272102356,2.7293275624
473,93,-123.3586425781,43.1477661133,13.5410402397
473,94,-123.3793563843,43.1741142273,3.3773185026
473,95,-123.3624267578,43.2022895813,3.4204214713
473,96,-123.3636703491,43.2555809021,5.9265810085
473,97,-123.3290634155,43.3849449158,14.6545286739
473,98,-123.3324356079,43.3961677551,1.2773254473
473,99,-123.3162994385,43.4265899658,3.6252181458
473,100,-123.3256454468,43.4457511902,2.260320568
473,101,-123.3162841797,43.4744796753,3.2825989465
473,102,-123.3242645264,43.4923439026,2.0881522859
473,103,-123.2852325439,43.5562477112,7.7714562223
473,104,-123.2007141113,43.6222915649,10.0132766709
473,105,-123.1892776489,43.6638908386,4.7162803997
473,106,-123.2120361328,43.6911048889,3.5365054044
473,107,-123.1993026733,43.7044792175,1.8054269327
473,108,-123.1786956787,43.7150306702,2.0297771029
473,109,-123.1621627808,43.7427215576,3.3534363206
473,110,-123.0820617676,43.748260498,6.4638644268
473,111,-123.0437850952,43.7746582031,4.2502816096
473,112,-123.0232696533,43.8011474609,3.3745848622
473,113,-123.0024032593,43.8454475403,5.2026153383
473,114,-122.9972991943,43.9871711731,15.7642512357
473,115,-123.0267715454,44.0132064819,3.7334039657
473,116,-123.0358047485,44.0360717773,2.6430964355
473,117,-123.0400772095,44.0555076599,2.1879828811
473,118,-123.0290298462,44.0961837769,4.6082708295
473,119,-123.0294036865,44.1363449097,4.4658139368
473,120,-123.0555343628,44.1716842651,4.4482925998
473,121,-123.0547943115,44.3781585693,22.9589707116
473,122,-123.0556793213,44.6244049072,27.3814334367
473,123,-123.0339431763,44.6473274231,3.0748448999
473,124,-123.0454025269,44.7249755859,8.6814792262
473,125,-123.0017547607,44.8348426819,12.6931136904
473,126,-123.0053482056,44.8534317017,2.0863297781
473,127,-122.9765701294,44.878036499,3.5537620007
473,128,-122.9662628174,44.9146270752,4.1489013474
473,129,-122.9738464355,44.956363678,4.6791327016
473,130,-122.9829483032,45.0222854614,7.3650326671
473,131,-122.7769393921,45.2431411743,29.3981097368
473,132,-122.761680603,45.2694206238,3.1568068352
473,133,-122.7474899292,45.361114502,10.2560951373
473,134,-122.7463912964,45.4087677002,5.2994884825
473,135,-122.7308731079,45.4249992371,2.1736198511
473,136,-122.6756362915,45.4561767578,5.5309046555
473,137,-122.6776504517,45.4721183777,1.7795732854
473,138,-122.6769104004,45.4941253662,2.4477455245
473,139,-122.6809463501,45.5108985901,1.8914339664
473,140,-122.6837844849,45.5213050842,1.1780895016
473,141,-122.6717910767,45.5488319397,3.2002229597
474,1,-77.1723556519,38.7907867432,3771.9373265221
474,2,-77.1534805298,38.787109375,1.6862708613
474,3,-77.1067886353,38.7978477478,4.2191616572
474,4,-77.086730957,38.7959709167,1.7507253695
474,5,-77.0749206543,38.7963867188,1.0245608961
474,6,-77.0513305664,38.7917671204,2.1079938384
474,7,-77.0440597534,38.7916259766,0.630346044
474,8,-77.0409164429,38.7915687561,0.2725007553
474,9,-77.0224075317,38.7912063599,1.6046530157
474,10,-76.995765686,38.801525116,2.5782431165
474,11,-76.9230422974,38.8138999939,6.4499020773
474,12,-76.8881759644,38.8169059753,3.0392443704
474,13,-76.8733062744,38.8286132813,1.8314073634
474,14,-76.85572052,38.880645752,5.9827868821
474,15,-76.8746109009,38.9528121948,8.1892795364
474,16,-76.8832397461,38.9818611145,3.3151196163
474,17,-76.9013824463,39.0064277649,3.1496830892
474,18,-76.928565979,39.0138092041,2.4880043321
474,19,-76.9534072876,39.0170936584,2.1770374519
475,1,-88.5859909058,39.0842552185,1003.8470293024
475,2,-88.9311523438,38.9852371216,31.7805335615
475,3,-88.9892044067,38.9800491333,5.0508332541
475,4,-89.104637146,38.9768447876,9.9844810029
475,5,-89.233795166,38.9409294128,11.860222736
475,6,-89.2634506226,38.9169692993,3.6984644268
475,7,-89.3853607178,38.864112854,12.0776305424
475,8,-89.4379577637,38.8582572937,4.6003712384
475,9,-89.5082702637,38.8483009338,6.1884459238
475,10,-89.646987915,38.7847595215,13.9412932894
475,11,-89.7278442383,38.7805595398,7.0241288989
475,12,-89.7779312134,38.7582473755,5.0011111963
475,13,-89.9018173218,38.7515602112,10.7682688643
476,1,-89.9018173218,38.7515602112,0
476,2,-89.8363571167,38.8872756958,16.1212950994
476,3,-89.74974823,38.972694397,12.0970922936
476,4,-89.7457504272,39.0157585144,4.8009592193
476,5,-89.7636642456,39.05651474,4.7887257804
476,6,-89.7620162964,39.090965271,3.8333648276
476,7,-89.6934814453,39.1776657104,11.3085759469
476,8,-89.6669387817,39.2506790161,8.4346020266
476,9,-89.6450119019,39.2751808167,3.3145653653
476,10,-89.6450958252,39.3186950684,4.8385694166
476,11,-89.6474304199,39.5902175903,30.1925922563
476,12,-89.6471481323,39.7420845032,16.8868475195
476,13,-89.6149215698,39.7879066467,5.7920791523
477,1,-89.9018173218,38.7515602112,117.8530662124
477,2,-89.9240493774,38.7193069458,4.0719471473
477,3,-90.0169296265,38.6758956909,9.395274653
477,4,-90.0628051758,38.6630058289,4.2328257532
477,5,-90.1134262085,38.6564178467,4.4559886688
477,6,-90.1286239624,38.6418380737,2.0904888598
477,7,-90.1385192871,38.6281929016,1.7438038407
478,1,-112.615562439,38.576713562,1948.3035494663
478,2,-112.6149902344,38.6157112122,4.3366259691
478,3,-112.5945587158,38.6612625122,5.366941823
478,4,-112.6008911133,38.7127609253,5.7526786763
478,5,-112.5568771362,38.7570114136,6.2277757613
478,6,-112.4119567871,38.8914794922,19.5237656675
478,7,-112.372253418,38.9108734131,4.0564557973
478,8,-112.3543701172,38.9406089783,3.6504495868
478,9,-112.3413848877,38.9768791199,4.1864242102
478,10,-112.3064117432,39.0413627625,7.7809919693
478,11,-112.2679595947,39.0671310425,4.3856838736
478,12,-112.253074646,39.1042289734,4.3205285782
478,13,-112.2427062988,39.1356010437,3.601262681
478,14,-112.1057357788,39.2555465698,17.8102895912
478,15,-112.0833511353,39.2873420715,4.0265080468
478,16,-112.0779266357,39.3583908081,7.9140266529
478,17,-112.068031311,39.381149292,2.6697609018
478,18,-111.9385452271,39.5026054382,17.4937616205
478,19,-111.9058914185,39.5507583618,6.0425814814
478,20,-111.8597106934,39.6287689209,9.5343803761
478,21,-111.8452148438,39.6558647156,3.2585646765
478,22,-111.8487701416,39.6982345581,4.7211265369
478,23,-111.8309249878,39.7633285522,7.3972413009
478,24,-111.8265380859,39.857585907,10.4876358313
478,25,-111.783821106,39.9666061401,12.6581483966
478,26,-111.7271118164,40.0432510376,9.7961153037
478,27,-111.6452713013,40.1079139709,10.0094344083
478,28,-111.6500854492,40.1966743469,9.8781807145
478,29,-111.6858978271,40.225894928,4.4502969901
478,30,-111.7038192749,40.2770614624,5.8892385915
478,31,-111.7917785645,40.3701896667,12.7607710504
478,32,-111.8406448364,40.3880882263,4.592853874
478,33,-111.8539810181,40.4127044678,2.9610077965
478,34,-111.8803939819,40.4237670898,2.5520504109
478,35,-111.9123916626,40.4500389099,3.9834029366
478,36,-111.9042205811,40.5219230652,8.0229690017
478,37,-111.9161376953,40.5501060486,3.2916504361
478,38,-111.9148330688,40.6531562805,11.4591923277
478,39,-111.9171447754,40.7227478027,7.7406786024
478,40,-111.9169998169,40.7586250305,3.9893844064
478,41,-111.9121551514,40.783870697,2.8366805666
479,1,-112.615562439,38.576713562,252.6963388178
479,2,-112.5664138794,38.5903816223,4.5343360283
479,3,-112.5329284668,38.5982475281,3.0387470855
479,4,-112.4890365601,38.5834922791,4.1526101564
479,5,-112.3501815796,38.5706214905,12.1550557994
479,6,-112.2927780151,38.5743408203,5.0074533678
479,7,-112.2499847412,38.6071891785,5.212885779
479,8,-112.2313308716,38.6400527954,3.9974639393
479,9,-112.1612548828,38.6827087402,7.7147909046
479,10,-112.1405029297,38.7372589111,6.3273143705
479,11,-112.1122283936,38.7538414001,3.0680139177
479,12,-112.0194549561,38.8404579163,12.546018132
479,13,-111.9557495117,38.8805427551,7.0917074309
479,14,-111.9012756348,38.8892059326,4.8123910446
479,15,-111.8852920532,38.8976249695,1.6702958676
479,16,-111.8718566895,38.9202194214,2.7683054871
479,17,-111.8355178833,38.9232444763,3.1616218013
479,18,-111.6652145386,38.8869781494,15.2782298716
479,19,-111.6270446777,38.8907699585,3.3304078711
479,20,-111.5947113037,38.8716621399,3.5138857744
479,21,-111.5699310303,38.8705749512,2.148678241
479,22,-111.5387496948,38.7970199585,8.6133411073
479,23,-111.5083618164,38.784324646,2.9881764416
479,24,-111.4643859863,38.7483139038,5.5290338277
479,25,-111.3919754028,38.744594574,6.2933032279
479,26,-111.3391571045,38.7626152039,4.9992806493
479,27,-111.2460632324,38.8109893799,9.6974103233
479,28,-111.1809768677,38.8111228943,5.6394262781
479,29,-111.1056671143,38.8352584839,7.0545321697
479,30,-111.0364227295,38.8423805237,6.0493997854
479,31,-110.9659347534,38.8357849121,6.1489194265
479,32,-110.9242019653,38.8464584351,3.8042807518
479,33,-110.8883209229,38.8437843323,3.1216189373
479,34,-110.849319458,38.8709182739,4.5285680865
479,35,-110.7974090576,38.8615150452,4.6143156847
479,36,-110.7433700562,38.8701477051,4.7760626187
479,37,-110.6811752319,38.8633537292,5.4373895618
479,38,-110.5211105347,38.9050483704,14.6096935669
479,39,-110.508430481,38.9275512695,2.7321307078
479,40,-110.4922180176,38.9298820496,1.4261522827
479,41,-110.4357757568,38.9114532471,5.295463285
479,42,-110.3739013672,38.920425415,5.445374442
479,43,-110.2526931763,38.9552268982,11.1747879012
479,44,-110.181060791,38.9726600647,6.4895273681
479,45,-110.0924606323,38.9559364319,7.8827004542
479,46,-110.0228424072,38.914768219,7.5640018393
479,47,-109.9664077759,38.8974838257,5.2478490868
479,48,-109.914276123,38.9031448364,4.5549854638
479,49,-109.8247146606,38.9275283813,8.2093421408
479,50,-109.7164306641,38.9484786987,9.6508999426
479,51,-109.6901626587,38.932384491,2.8920504764
479,52,-109.6587753296,38.9259796143,2.8068934239
479,53,-109.4951019287,38.9138908386,14.2234359765
479,54,-109.4108505249,38.9196624756,7.3173128054
479,55,-109.2845001221,39.0200767517,15.6200323739
479,56,-109.1875,39.093132019,11.667845232
479,57,-109.1282577515,39.1676139832,9.731568066
479,58,-109.0512924194,39.1784133911,6.742438758
479,59,-108.95677948,39.2021026611,8.560637611
479,60,-108.9214401245,39.2177009583,3.5041234285
479,61,-108.8744888306,39.2187423706,4.0463957798
479,62,-108.8646469116,39.2098312378,1.3041361456
479,63,-108.8414382935,39.186466217,3.2786772236
479,64,-108.6892776489,39.1168670654,15.2330385835
479,65,-108.6484451294,39.1129112244,3.5501484695
479,66,-108.4282608032,39.0985527039,19.0656579915
479,67,-108.3141021729,39.1235351563,10.2337246322
479,68,-108.2444076538,39.192779541,9.766986259
479,69,-108.2469177246,39.2321662903,4.3849424918
479,70,-108.1960296631,39.2871589661,7.5224863676
479,71,-108.1737365723,39.3556022644,7.8484323515
479,72,-108.1112518311,39.3961982727,7.0158593218
479,73,-108.0482635498,39.4517860413,8.2144727778
479,74,-107.9820861816,39.4861488342,6.8460956781
479,75,-107.9389648438,39.4983825684,3.9423821628
479,76,-107.8279724121,39.4658927917,10.1877446919
479,77,-107.7179336548,39.4709701538,9.4625504128
479,78,-107.5925216675,39.5062255859,11.4539607882
479,79,-107.5071487427,39.5571594238,9.256551228
479,80,-107.4445571899,39.5737724304,5.6744443839
479,81,-107.3265457153,39.5561752319,10.3035036117
479,82,-107.2835083008,39.5636253357,3.7813180788
479,83,-107.0858306885,39.6584434509,19.9477541344
479,84,-107.0340805054,39.662563324,4.4535570832
479,85,-106.9741287231,39.6533927917,5.2325192883
479,86,-106.8384628296,39.6556243896,11.61696508
479,87,-106.7795181274,39.6758956909,5.5260327913
479,88,-106.7252655029,39.711769104,6.1203721462
479,89,-106.7139511108,39.7126960754,0.9732856627
479,90,-106.688949585,39.6982307434,2.6761206955
479,91,-106.6675643921,39.6755104065,3.1194940497
479,92,-106.5157546997,39.6353797913,13.7409460212
479,93,-106.4923706055,39.6258773804,2.2642523135
479,94,-106.4660797119,39.6001396179,3.6417718527
479,95,-106.4399490356,39.5939102173,2.3436015907
479,96,-106.3651351929,39.6367912292,7.987681945
479,97,-106.3108520508,39.6388893127,4.6541343818
479,98,-106.2834320068,39.6222381592,2.9903754969
479,99,-106.2754058838,39.6003036499,2.5340613855
479,100,-106.2394561768,39.5898704529,3.2915111115
479,101,-106.1996536255,39.5110397339,9.4064451252
479,102,-106.17212677,39.5007247925,2.6254159878
479,103,-106.1544647217,39.5045623779,1.5742945578
479,104,-106.1128463745,39.5818977356,9.3103866569
479,105,-106.0636825562,39.6264266968,6.5005338494
479,106,-105.959022522,39.6741600037,10.4144857758
479,107,-105.8842163086,39.6836090088,6.487524385
479,108,-105.8438949585,39.6995353699,3.8780172861
479,109,-105.7132797241,39.6967391968,11.1791930396
479,110,-105.667640686,39.7558937073,7.6485253305
479,111,-105.6312026978,39.7679901123,3.3926187933
479,112,-105.6031036377,39.768913269,2.4037747167
479,113,-105.5703659058,39.7618141174,2.9073830864
479,114,-105.5092391968,39.7288475037,6.3835894846
479,115,-105.4489135742,39.7421035767,5.3648697573
479,116,-105.4254074097,39.7392120361,2.0354007618
479,117,-105.3919830322,39.7189292908,3.640986534
479,118,-105.3276672363,39.7023124695,5.803571013
479,119,-105.2850189209,39.7104148865,3.7579650554
479,120,-105.198677063,39.6952972412,7.5753919179
479,121,-105.1880874634,39.6987876892,0.9856465563
479,122,-105.1562652588,39.7201347351,3.6116922499
479,123,-105.1366577148,39.7347679138,2.3365155607
479,124,-105.1326065063,39.7611999512,2.9594457393
479,125,-105.1296157837,39.7730827332,1.3458035633
479,126,-105.0848312378,39.7757301331,3.8386369947
479,127,-105.0751724243,39.7741928101,0.8429598873
479,128,-105.0159072876,39.7745056152,5.0649823282
479,129,-104.9919433594,39.774269104,2.0481510578
480,1,-111.9121551514,40.783870697,597.5168587555
480,2,-111.9376068115,40.7848892212,2.1458631165
480,3,-111.9891586304,40.77784729,4.4106039954
480,4,-112.1185684204,40.7783432007,10.8966733457
480,5,-112.1753692627,40.7382736206,6.5375784554
480,6,-112.220664978,40.715007782,4.6110482606
480,7,-112.2453079224,40.7004928589,2.6305148316
480,8,-112.2705841064,40.6855430603,2.7027096767
480,9,-112.3715057373,40.654750824,9.1744353284
480,10,-112.5303192139,40.7044906616,14.4893192033
480,11,-112.6448135376,40.7375335693,10.3247822275
480,12,-112.7769470215,40.7515296936,11.2397598088
480,13,-112.8940429688,40.8162078857,12.2032669344
480,14,-112.9155426025,40.8123588562,1.8592524718
480,15,-112.9579544067,40.7719459534,5.7394369325
480,16,-112.9896621704,40.7588768005,3.0401776691
480,17,-113.128944397,40.7214317322,12.4513062929
480,18,-113.6935882568,40.7410163879,47.6272792884
480,19,-114.0211486816,40.7450370789,27.5993316742
480,20,-114.0373001099,40.7402267456,1.4620598831
480,21,-114.049407959,40.736618042,1.0961951786
480,22,-114.0821456909,40.7373771667,2.7595713167
480,23,-114.1006240845,40.745513916,1.8005938981
480,24,-114.2360916138,40.8824081421,19.0178209884
480,25,-114.2563247681,40.893737793,2.1165928784
480,26,-114.2980270386,40.9005279541,3.5855038164
480,27,-114.3408966064,40.9250335693,4.5168700998
480,28,-114.4753265381,41.0280647278,16.0814017784
480,29,-114.4994354248,41.0698394775,5.0660284493
480,30,-114.5094070435,41.0809288025,1.4896773698
480,31,-114.5258255005,41.082157135,1.3828904463
480,32,-114.5729293823,41.0776138306,3.9803471116
480,33,-114.5896911621,41.0688514709,1.7098466207
480,34,-114.6468734741,41.0721893311,4.8079416742
480,35,-114.7518997192,41.1049461365,9.5258102951
480,36,-114.8239517212,41.1021118164,6.0453082849
480,37,-114.9220199585,41.0851364136,8.4321595718
480,38,-114.9419326782,41.0922660828,1.8475584287
480,39,-114.9743423462,41.1100273132,3.3578486551
480,40,-115.007232666,41.11145401,2.7600718533
480,41,-115.1365814209,41.0861778259,11.1971200975
480,42,-115.2724075317,41.0912666321,11.3972075685
480,43,-115.3263778687,41.0520515442,6.2835512457
480,44,-115.4008483887,41.0189781189,7.248419244
480,45,-115.4435043335,40.9623336792,7.2449836733
480,46,-115.4631271362,40.9557609558,1.8025757607
480,47,-115.5065078735,40.9472045898,3.7653687861
480,48,-115.5605697632,40.9514579773,4.5649196289
480,49,-115.6330795288,40.9459037781,6.1209829328
480,50,-115.6810150146,40.9196395874,4.9743783387
480,51,-115.7225875854,40.8737869263,6.1810328881
480,52,-115.7479248047,40.8504486084,3.3577674663
480,53,-115.7797470093,40.8366928101,3.0830327214
480,54,-115.8331451416,40.8031692505,5.8383113195
480,55,-115.9125442505,40.7721176147,7.5236556575
480,56,-115.9610519409,40.7335128784,5.9263939835
480,57,-115.98046875,40.7332191467,1.6363562576
480,58,-116.0051116943,40.7492866516,2.7390409621
480,59,-116.0361633301,40.7413635254,2.7602670498
480,60,-116.0652999878,40.739315033,2.4652978782
480,61,-116.0976257324,40.7254829407,3.1280144958
480,62,-116.1207809448,40.7165756226,2.1883528249
480,63,-116.2220535278,40.660533905,10.5708853607
480,64,-116.3143539429,40.6388435364,8.1518271816
480,65,-116.4225921631,40.661605835,9.47566137
480,66,-116.4401473999,40.6634979248,1.4956221582
480,67,-116.4981002808,40.6936798096,5.9284365183
480,68,-116.5350875854,40.6929130554,3.1195344326
480,69,-116.6024932861,40.6700057983,6.2285728054
480,70,-116.7158508301,40.6598777771,9.6272431187
480,71,-116.7862930298,40.6046867371,8.5438700063
480,72,-116.8843612671,40.6120643616,8.3191273152
480,73,-116.9345855713,40.6402244568,5.2698014523
480,74,-116.9491119385,40.6538391113,1.9477735442
480,75,-117.2412490845,40.8713493347,34.5011348725
480,76,-117.3252792358,40.9097213745,8.2521743271
480,77,-117.429359436,40.9275588989,8.9672758529
480,78,-117.5238800049,40.9625930786,8.8430643837
480,79,-117.5796356201,41.0095367432,7.0106820003
480,80,-117.6852798462,40.9786148071,9.5097952844
480,81,-117.7161560059,40.962562561,3.147361012
480,82,-117.7470092773,40.945148468,3.2346316271
480,83,-117.8856658936,40.892993927,13.0139177228
480,84,-117.930229187,40.8609199524,5.1727710593
480,85,-117.9858474731,40.7974472046,8.4682608041
480,86,-118.0442276001,40.6803970337,13.9137676658
480,87,-118.0761489868,40.666973114,3.0781883999
480,88,-118.1757049561,40.6411476135,8.8758067502
480,89,-118.2426376343,40.5887985229,8.1118572127
480,90,-118.2578125,40.5569000244,3.7714178952
480,91,-118.2642745972,40.4779129028,8.7999375743
480,92,-118.2938537598,40.3424606323,15.2683910989
480,93,-118.3042755127,40.3187675476,2.7787189975
480,94,-118.3588409424,40.2705802917,7.0799998782
480,95,-118.3756027222,40.264957428,1.5535286224
480,96,-118.4026947021,40.2329101563,4.2408864361
480,97,-118.4331359863,40.218963623,3.0139732334
480,98,-118.4702682495,40.1799926758,5.3594573654
480,99,-118.5091934204,40.1418914795,5.3750357913
480,100,-118.6588973999,40.0601997375,15.6410101101
480,101,-118.6832427979,39.970993042,10.1336867377
480,102,-118.691947937,39.9586334229,1.5617849621
480,103,-118.7437057495,39.9397888184,4.8843355342
480,104,-118.9803771973,39.8206481934,24.1525282519
480,105,-119.0364608765,39.7494659424,9.2528003624
480,106,-119.1202774048,39.6900367737,9.7498345215
480,107,-119.1865692139,39.6285858154,8.8822304172
480,108,-119.2737045288,39.6261291504,7.4675546027
480,109,-119.3645095825,39.6081199646,8.0316457548
480,110,-119.4421157837,39.6070823669,6.6493502228
480,111,-119.4683380127,39.587978363,3.0919726386
480,112,-119.5146942139,39.5816116333,4.0351283875
480,113,-119.5778121948,39.5603752136,5.9029304887
480,114,-119.6196899414,39.5300292969,4.9274589323
480,115,-119.6596450806,39.5296401978,3.4269815754
480,116,-119.7037277222,39.5436592102,4.0891162127
480,117,-119.7878265381,39.54271698,7.212015701
480,118,-119.902053833,39.5337677002,9.8458081081
480,119,-119.9700622559,39.5190200806,6.0590858577
480,120,-119.989616394,39.5013198853,2.5860691827
480,121,-119.9950027466,39.4870109558,1.6568518294
480,122,-120.0121688843,39.4413642883,5.2852699567
480,123,-120.036567688,39.4122009277,3.8610321242
480,124,-120.0317840576,39.3692359924,4.7951362738
480,125,-120.1061782837,39.3547058105,6.5966566847
480,126,-120.1553573608,39.3357810974,4.7236100438
480,127,-120.2001571655,39.3260231018,4.0030479774
480,128,-120.3074035645,39.3159675598,9.2929844465
480,129,-120.3752746582,39.3295669556,6.0308712953
480,130,-120.4392623901,39.3110351563,5.8774352082
480,131,-120.468460083,39.3120422363,2.5144575871
480,132,-120.5126113892,39.3021850586,3.9536732599
480,133,-120.5700759888,39.3214187622,5.3865978904
480,134,-120.586807251,39.3227539063,1.4468592495
480,135,-120.6058731079,39.3113136292,2.0756621681
480,136,-120.6429672241,39.2916374207,3.8696645489
480,137,-120.6767044067,39.2883796692,2.9259118663
480,138,-120.7010803223,39.2763175964,2.4900916288
480,139,-120.7943115234,39.1941261292,12.1656184119
480,140,-120.864364624,39.1484184265,7.8930468232
480,141,-120.8820953369,39.1469612122,1.5375525497
480,142,-120.9149551392,39.128692627,3.4868619011
480,143,-120.9626998901,39.0246543884,12.2807351653
480,144,-121.0328445435,38.9534378052,9.9731050133
480,145,-121.0585403442,38.9045143127,5.8766122821
480,146,-121.1107635498,38.8755722046,5.5485148213
480,147,-121.1505126953,38.8257026672,6.5267198468
480,148,-121.2850570679,38.7108688354,17.2947488859
480,149,-121.3663635254,38.6390571594,10.657410474
480,150,-121.3988265991,38.629737854,3.0041106553
480,151,-121.4729232788,38.5685424805,9.3683278405
481,1,-81.5446472168,39.9968261719,3411.3576914976
481,2,-81.5138549805,39.9619598389,4.6812946937
481,3,-81.5163040161,39.9305725098,3.49635045
481,4,-81.5460357666,39.8084602356,13.8133137378
481,5,-81.5751342773,39.7825622559,3.8043571177
481,6,-81.5389938354,39.7256469727,7.0425417227
481,7,-81.5209655762,39.692199707,4.0262278501
481,8,-81.4660415649,39.6726264954,5.1795860371
481,9,-81.4567108154,39.6552238464,2.0934351264
481,10,-81.4599151611,39.5720939636,9.2476956752
481,11,-81.4424285889,39.4596786499,12.5896928231
481,12,-81.4259490967,39.4198188782,4.6526511751
481,13,-81.4394226074,39.4078445435,1.7642527073
481,14,-81.4412994385,39.4061775208,0.245685031
481,15,-81.470703125,39.3122406006,10.7468628054
481,16,-81.4959716797,39.263343811,5.8558476108
481,17,-81.5081100464,39.2461700439,2.1769333973
481,18,-81.5421600342,39.2065048218,5.2967473318
481,19,-81.560508728,39.1732406616,4.0226581186
481,20,-81.5608825684,39.105632782,7.5177223556
481,21,-81.576675415,39.0592918396,5.3301317192
481,22,-81.6897354126,38.962978363,14.4954659245
481,23,-81.7325820923,38.9052619934,7.4109632132
481,24,-81.7426376343,38.8645401001,4.6109568181
481,25,-81.738861084,38.8301887512,3.8336716815
481,26,-81.7275543213,38.7779502869,5.8907037106
481,27,-81.6979522705,38.756275177,3.5207315476
481,28,-81.6682128906,38.7423095703,3.0104413884
481,29,-81.6549301147,38.7268791199,2.0667144739
481,30,-81.6398239136,38.6166915894,12.3222793708
481,31,-81.6546173096,38.5554046631,6.9350376845
481,32,-81.6545181274,38.5123062134,4.7923367189
481,33,-81.6299209595,38.41015625,11.5586973357
481,34,-81.6102828979,38.3953857422,2.3718913128
482,1,-121.9293060303,38.3804969788,3485.3368433873
482,2,-121.9196777344,38.4734649658,10.3715369166
482,3,-121.9351730347,38.5286712646,6.2850113616
482,4,-121.9401245117,38.6718864441,15.9306134702
482,5,-121.9469985962,38.7297019958,6.4564124224
482,6,-121.9415817261,38.8415641785,12.4473652835
483,1,-81.6102828979,38.3953857422,3475.280928
483,2,-81.6103591919,38.3758773804,2.1692410524
483,3,-81.6226272583,38.3641242981,1.6887299315
484,1,-81.6226272583,38.3641242981,0
484,2,-81.6661987305,38.3553962708,3.9210552601
484,3,-81.6886444092,38.3473777771,2.1508074552
484,4,-81.7116241455,38.3588409424,2.3748679898
484,5,-81.7386245728,38.3787841797,3.2339702953
484,6,-81.7852096558,38.3916854858,4.3063502222
484,7,-81.8547973633,38.4450492859,8.4831572148
484,8,-81.9158630371,38.4628372192,5.6734065964
484,9,-81.9793777466,38.4623603821,5.5303034681
484,10,-82.0634231567,38.4325027466,8.0369338413
484,11,-82.1297683716,38.4400062561,5.8385266327
484,12,-82.219543457,38.4365959167,7.8282897224
484,13,-82.3353424072,38.4085044861,10.5604219304
484,14,-82.3861694336,38.394695282,4.6877286234
484,15,-82.4532699585,38.3925437927,5.8527307874
484,16,-82.5783996582,38.3656539917,11.3096970772
484,17,-82.5926437378,38.3622627258,1.2978754152
484,18,-82.5956115723,38.3619537354,0.2610318138
484,19,-82.6157073975,38.3598594666,1.7675591678
485,1,-88.9532089233,38.3349342346,552.5672776644
485,2,-88.9647750854,38.5185432434,20.4412356246
485,3,-88.9834289551,38.6260414124,12.0627531399
485,4,-88.9848556519,38.6740913391,5.3443443691
485,5,-88.9723510742,38.6921691895,2.2844827977
485,6,-88.6896896362,38.9281463623,35.8934573982
485,7,-88.653717041,38.9696044922,5.5613486015
485,8,-88.614364624,38.9938049316,4.3372273143
485,9,-88.5859909058,39.0842552185,10.3518493672
486,1,-90.1385192871,38.6281929016,143.6778533451
486,2,-90.0648117065,38.6176719666,6.5092147458
486,3,-89.9692230225,38.589969635,8.859094928
486,4,-89.9296798706,38.5733451843,3.9027743763
486,5,-89.8802337646,38.5739631653,4.2990475591
486,6,-89.764213562,38.5543212891,10.3210558825
486,7,-89.7258758545,38.5272026062,4.4956427237
486,8,-89.6699752808,38.5182304382,4.964329057
486,9,-89.6070022583,38.4897460938,6.3292505609
486,10,-89.5276107788,38.4335899353,9.3152275823
486,11,-89.410736084,38.4090881348,10.5399840584
486,12,-89.3761138916,38.3941001892,3.4467123252
486,13,-89.1682891846,38.3860092163,18.1352309527
486,14,-89.1377716064,38.3841094971,2.6683094152
486,15,-89.0797805786,38.3617172241,5.6352996499
486,16,-89.0381240845,38.3588485718,3.6460344516
486,17,-88.9532089233,38.3349342346,7.8681427778
487,1,-85.7409591675,38.2501029968,280.4844238144
487,2,-85.7502593994,38.2712554932,2.4882717318
487,3,-85.7514648438,38.2740097046,0.3238289493
487,4,-85.7729263306,38.3018760681,3.620752008
487,5,-85.7706451416,38.3353729248,3.729993432
487,6,-85.7657165527,38.3855705261,5.5982360107
487,7,-85.7923583984,38.4507865906,7.6140923746
487,8,-85.7844009399,38.5489807129,10.9406249653
487,9,-85.7989349365,38.6922950745,15.9857741787
487,10,-85.8431854248,38.7643623352,8.8854218153
487,11,-85.8331298828,38.7885551453,2.8278204678
487,12,-85.8182449341,38.8611373901,8.1731355601
487,13,-85.8170776367,38.8955764771,3.8307846083
487,14,-85.8361282349,38.9170036316,2.8972503365
487,15,-85.8483963013,38.9318809509,1.9654387018
487,16,-85.8518600464,38.9573860168,2.8518099875
487,17,-85.858291626,38.9943161011,4.1439037864
487,18,-85.8880615234,39.0273857117,4.4874955827
487,19,-85.9331512451,39.0740509033,6.4873178215
487,20,-85.947303772,39.0998573303,3.1187015021
487,21,-85.9573516846,39.125087738,2.9363783222
487,22,-85.9628982544,39.1946411133,7.748753398
487,23,-85.966545105,39.3027000427,12.0197076679
487,24,-85.9487228394,39.349822998,5.4594761284
487,25,-85.9557723999,39.3876724243,4.2520686543
487,26,-86.0090866089,39.4426994324,7.6429676441
487,27,-86.1183395386,39.6956367493,29.6434018661
487,28,-86.1424407959,39.7176055908,3.1965887521
487,29,-86.1398773193,39.7597236633,4.6884425246
487,30,-86.1404800415,39.772441864,1.4151373637
487,31,-86.1406173706,39.7824249268,1.1101279652
487,32,-86.1527175903,39.805431366,2.759190797
488,1,-85.7269515991,38.2487640381,176.9569428115
488,2,-85.7162704468,38.2624969482,1.7893124991
488,3,-85.660369873,38.288433075,5.668229049
488,4,-85.6321411133,38.3007011414,2.8159904634
488,5,-85.5749053955,38.3283729553,5.865444237
488,6,-85.512840271,38.3572235107,6.2920514608
488,7,-85.4013442993,38.3862266541,10.2409161555
488,8,-85.3224029541,38.4203224182,7.8544502303
488,9,-85.2944564819,38.467010498,5.7336824728
488,10,-85.2350692749,38.5280151367,8.5278736731
488,11,-85.2127838135,38.5463027954,2.8093074362
488,12,-85.2047805786,38.5918655396,5.1139011182
488,13,-85.1537780762,38.6372566223,6.716472857
488,14,-85.1211013794,38.651512146,3.2505787943
488,15,-85.0446395874,38.6565475464,6.6631761093
488,16,-84.9640045166,38.6817893982,7.5422276718
488,17,-84.9393844604,38.6981315613,2.8050162075
488,18,-84.8754196167,38.7206687927,6.0896749714
488,19,-84.8347015381,38.7485694885,4.7009140101
488,20,-84.6382293701,38.868976593,21.6579781559
489,1,-85.7409591675,38.2501029968,118.0197441938
489,2,-85.7269515991,38.2487640381,1.2322237747
490,1,-87.5461273193,38.1615104675,159.2475886705
490,2,-87.4749069214,38.1753158569,6.4126218091
490,3,-87.4448547363,38.1820678711,2.7320152809
490,4,-87.262260437,38.1974639893,16.049499647
490,5,-87.0754318237,38.1966362,16.3266188064
490,6,-86.9858703613,38.1880569458,7.8849198556
490,7,-86.8798675537,38.2048835754,9.4503935355
490,8,-86.7924041748,38.210231781,7.6651491357
490,9,-86.6932754517,38.23021698,8.940376442
490,10,-86.5388412476,38.2392807007,13.5261253433
490,11,-86.4875183105,38.2334976196,4.5284152383
490,12,-86.3498687744,38.2286872864,12.035023348
490,13,-86.2891921997,38.2352790833,5.3502353445
490,14,-86.226272583,38.2531204224,5.8419499918
490,15,-86.1554031372,38.2394142151,6.3737630286
490,16,-86.0416412354,38.2398910522,9.9356149691
490,17,-85.9827728271,38.2695121765,6.1049764074
490,18,-85.9307785034,38.2775344849,4.6256716758
490,19,-85.8820037842,38.3033218384,5.1324881791
490,20,-85.8515701294,38.3019676208,2.659905567
490,21,-85.8315048218,38.3040924072,1.7667577817
490,22,-85.8224716187,38.2970199585,1.1134677655
490,23,-85.8117675781,38.2880821228,1.3639591803
490,24,-85.8109893799,38.2848052979,0.370642723
490,25,-85.805480957,38.2615852356,2.6263488194
490,26,-85.7409591675,38.2501029968,5.776662719
491,1,-88.9532089233,38.3349342346,280.4844238144
491,2,-88.8698425293,38.2733459473,9.9908030811
491,3,-88.8193740845,38.2785148621,4.4428304573
491,4,-88.6395339966,38.2669639587,15.7517578123
491,5,-88.4518890381,38.2718505859,16.3903992741
491,6,-88.3482055664,38.2668457031,9.0686593722
491,7,-88.2597427368,38.2637176514,7.7310660393
491,8,-88.2043533325,38.2468261719,5.1883415818
491,9,-88.1335830688,38.2392616272,6.2374565194
491,10,-88.0175857544,38.2379188538,10.1319529938
491,11,-87.9821548462,38.2185554504,3.7701595871
491,12,-87.9463348389,38.1989593506,3.8135242846
491,13,-87.9288253784,38.196018219,1.564647336
491,14,-87.7680130005,38.1856956482,14.1008728918
491,15,-87.7362976074,38.1652984619,3.5818871361
491,16,-87.5461273193,38.1615104675,16.6313878646
492,1,-121.9293060303,38.3804969788,2984.0401520537
492,2,-121.9574050903,38.3525924683,3.9533464916
492,3,-122.0101089478,38.324131012,5.5807845139
492,4,-122.0267333984,38.2753410339,5.6158102468
492,5,-122.0465927124,38.2568244934,2.6917104544
492,6,-122.1415786743,38.2052268982,10.0872203002
492,7,-122.1943893433,38.1639633179,6.5082730942
492,8,-122.2130813599,38.1300315857,4.1118834086
492,9,-122.215675354,38.0922470093,4.207578219
493,1,-84.4422912598,38.0518608093,3283.2109687313
493,2,-84.4771194458,38.1418304443,10.4581011268
493,3,-84.544418335,38.2126197815,9.826728484
493,4,-84.5705947876,38.2681388855,6.5831389513
493,5,-84.5646362305,38.3219070435,6.0013170456
493,6,-84.578414917,38.3442382813,2.7586710211
493,7,-84.5944824219,38.4197807312,8.5158901664
493,8,-84.5866622925,38.4748535156,6.1615655806
493,9,-84.6228942871,38.5316810608,7.0618221022
493,10,-84.6224136353,38.5566291809,2.7744193127
493,11,-84.5943527222,38.6327056885,8.8038290641
493,12,-84.6352996826,38.7537574768,13.9215558471
493,13,-84.6173706055,38.8192825317,7.4499323378
493,14,-84.6382293701,38.868976593,5.8135178554
494,1,-82.6157073975,38.3598594666,184.6129717027
494,2,-82.6727981567,38.3713951111,5.1400329303
494,3,-82.7074890137,38.3663291931,3.0763700124
494,4,-82.7834625244,38.3591461182,6.6719321334
494,5,-82.8372116089,38.3697967529,4.8334767584
494,6,-82.9565658569,38.3444099426,10.7830803242
494,7,-83.0239257813,38.3207168579,6.4390356194
494,8,-83.1098175049,38.3270378113,7.5256084713
494,9,-83.2003860474,38.3267211914,7.9004454736
494,10,-83.2580108643,38.3192100525,5.0958407806
494,11,-83.3478546143,38.2846832275,8.7294084248
494,12,-83.4050064087,38.2757301331,5.0869722209
494,13,-83.4567871094,38.2042655945,9.1431828509
494,14,-83.4746704102,38.1937904358,1.9490574937
494,15,-83.5594711304,38.1893043518,7.4277955799
494,16,-83.6119308472,38.1568717957,5.8339685713
494,17,-83.6762771606,38.1517677307,5.6548716807
494,18,-83.7310256958,38.1343765259,5.1636326537
494,19,-83.7858505249,38.1151504517,5.2506480065
494,20,-83.8975296021,38.0953330994,10.0169576436
494,21,-83.955696106,38.085269928,5.2119645871
494,22,-84.0465240479,38.060749054,8.4052040418
494,23,-84.0788116455,38.0358505249,3.9570847878
494,24,-84.1252746582,38.0165672302,4.6000640586
495,1,-84.1252746582,38.0165672302,0
495,2,-84.1615829468,38.0081634521,3.3153157325
495,3,-84.1765518188,38.0033683777,1.4157511563
495,4,-84.2130889893,37.9995079041,3.2300772175
495,5,-84.2961273193,38.0330238342,8.1735224946
495,6,-84.3903274536,38.0583305359,8.7156982235
495,7,-84.4422912598,38.0518608093,4.6063149068
496,1,-122.215675354,38.0922470093,3283.2109687313
496,2,-122.2157287598,38.0581626892,3.7900063531
496,3,-122.2211074829,38.0366363525,2.4395182505
496,4,-122.2566299438,38.0096931458,4.3194583338
496,5,-122.269493103,37.9932556152,2.1473378864
496,6,-122.316192627,37.967628479,4.9873028063
496,7,-122.3137664795,37.9177970886,5.5450806953
496,8,-122.2876815796,37.8717155457,5.6120247758
496,9,-122.2775192261,37.8194961548,5.8746957769
497,1,-121.3292922974,37.7547187805,83.6372907277
497,2,-121.2991333008,37.7771110535,3.6369755123
497,3,-121.2772140503,37.8214378357,5.2918017375
497,4,-121.2784881592,37.8635864258,4.6880445874
497,5,-121.2844314575,37.9055747986,4.6979383187
497,6,-121.2967147827,37.9260177612,2.515612712
497,7,-121.3264160156,37.9644393921,5.0035599635
497,8,-121.3796768188,38.0741615295,13.0622127681
497,9,-121.3794174194,38.1091079712,3.8859333225
497,10,-121.4454040527,38.2514762878,16.8485960532
497,11,-121.4601898193,38.3598327637,12.1175670288
497,12,-121.4570846558,38.4053192139,5.0650990673
497,13,-121.4728240967,38.4610099792,6.3424706671
497,14,-121.4858779907,38.4723320007,1.6960529453
497,15,-121.5094680786,38.4828147888,2.3612601826
497,16,-121.5138626099,38.4967193604,1.5927233811
497,17,-121.4729232788,38.5685424805,8.7443033032
498,1,-121.3292922974,37.7547187805,91.360165464
498,2,-121.4264297485,37.7516822815,8.5466919502
498,3,-121.4877548218,37.7349205017,5.7052590395
498,4,-121.5365524292,37.7326622009,4.2985986996
499,1,-122.3948516846,37.7321929932,75.4799150201
499,2,-122.3732223511,37.7794532776,5.588548863
499,3,-122.3116989136,37.8141136169,6.6389736477
499,4,-122.2775192261,37.8194961548,3.0614599144
500,1,-121.5365524292,37.7326622009,65.8350385455
500,2,-121.5907211304,37.7324485779,4.7637301252
500,3,-121.6464614868,37.7108230591,5.4605758803
500,4,-121.707901001,37.7061958313,5.4292658152
500,5,-121.7368087769,37.6937294006,2.8965461848
500,6,-121.9097595215,37.6936912537,15.2175032451
501,1,-77.4715423584,37.5910224915,3874.8405967094
501,2,-77.4587554932,37.6073379517,2.1354974942
501,3,-77.4511947632,37.6218414307,1.7448052938
501,4,-77.4534835815,37.6794090271,6.4043954584
501,5,-77.4515991211,37.8847351074,22.8318190784
501,6,-77.4644088745,37.930519104,5.2135176609
501,7,-77.4918289185,37.9821968079,6.2289165976
501,8,-77.5116958618,38.0742034912,10.3776096357
501,9,-77.513458252,38.130859375,6.3017339481
501,10,-77.493560791,38.2056465149,8.4959264253
501,11,-77.5041046143,38.2419013977,4.1352381416
501,12,-77.5117263794,38.2518730164,1.2932236289
501,13,-77.5205230713,38.2917556763,4.5007456778
501,14,-77.4976501465,38.3393478394,5.6557493272
501,15,-77.4395141602,38.4045982361,8.8503120136
501,16,-77.4165420532,38.4666786194,7.1871548766
501,17,-77.3552780151,38.538684845,9.6191761107
501,18,-77.293800354,38.6410293579,12.5721455345
501,19,-77.2489013672,38.6776580811,5.638030253
501,20,-77.225189209,38.7134132385,4.4768001896
501,21,-77.1979751587,38.7346534729,3.3394143972
501,22,-77.1723556519,38.7907867432,6.6252138466
502,1,-121.8321151733,37.3250617981,3874.285970115
502,2,-121.8258361816,37.3443756104,2.2181870337
502,3,-121.8444747925,37.3636054993,2.6993095793
502,4,-121.8729934692,37.4359970093,8.4345672006
502,5,-121.9180374146,37.5027198792,8.4171208551
502,6,-121.9169311523,37.5386238098,3.9935268833
502,7,-121.8587112427,37.5813598633,6.9941174411
502,8,-121.8532333374,37.6042747498,2.5933270184
502,9,-121.9002380371,37.6641197205,7.8367279241
502,10,-121.9097595215,37.6936912537,3.3932919398
503,1,-122.3948516846,37.7321929932,42.8851570552
503,2,-122.46144104,37.6947212219,7.1882615392
503,3,-122.4663238525,37.6740684509,2.3363349709
503,4,-122.4542770386,37.6528167725,2.5900952084
503,5,-122.3297119141,37.5157775879,18.7797263715
503,6,-122.3233337402,37.5078849792,1.0424500945
503,7,-122.3060455322,37.4936561584,2.1975412549
503,8,-122.2508392334,37.4769897461,5.2117062987
503,9,-122.2373123169,37.4417076111,4.1008504695
503,10,-122.0861587524,37.328289032,18.3685137171
503,11,-122.0344467163,37.3263626099,4.5774172932
503,12,-122.0194854736,37.3278884888,1.3337199703
503,13,-121.9983139038,37.3233146667,1.9398981436
503,14,-121.9688186646,37.2981987,3.8215346969
503,15,-121.9199905396,37.2956542969,4.3284083267
503,16,-121.8855667114,37.3006782532,3.0957727072
503,17,-121.8700408936,37.311290741,1.8105744548
503,18,-121.8321151733,37.3250617981,3.6868536208
504,1,-77.4715423584,37.5910224915,3878.1788100134
504,2,-77.4212112427,37.4010696411,21.5834719478
504,3,-77.407371521,37.3516464233,5.6300322882
504,4,-77.3952713013,37.3094787598,4.8093379601
504,5,-77.4005966187,37.2251625061,9.3873752062
504,6,-77.4000244141,37.2188148499,0.7076432665
505,1,-77.4715423584,37.5910224915,41.8669212059
505,2,-77.4204788208,37.5483932495,6.5362971153
505,3,-77.392616272,37.5501823425,2.4643662331
505,4,-77.3827590942,37.5406570435,1.370058784
505,5,-77.368850708,37.5279502869,1.8709344234
505,6,-77.2957305908,37.52784729,6.4480267771
505,7,-77.2447052002,37.516418457,4.6759697629
505,8,-77.1837921143,37.514465332,5.3768378418
505,9,-76.9501342773,37.4914207458,20.7704139978
505,10,-76.9113540649,37.4817199707,3.5876824474
505,11,-76.8294296265,37.4341506958,8.9592665816
505,12,-76.6829910278,37.3103981018,18.8894158006
505,13,-76.6532440186,37.2802734375,4.2596515882
505,14,-76.6333236694,37.2529296875,3.5145386743
505,15,-76.6253738403,37.2406349182,1.5375864857
505,16,-76.5650939941,37.2066345215,6.5406764918
505,17,-76.507232666,37.1259307861,10.3352191882
505,18,-76.4643707275,37.0947380066,5.1455176557
505,19,-76.3918991089,37.0405921936,8.8087958107
505,20,-76.3620529175,37.0321540833,2.8104477157
505,21,-76.3342437744,37.0409622192,2.6555921432
505,22,-76.3216705322,37.0340385437,1.3557952998
505,23,-76.318359375,37.0172920227,1.8851857365
505,24,-76.3129425049,37.0026626587,1.6963279403
505,25,-76.2959899902,36.970199585,3.9111823022
505,26,-76.2776565552,36.9608383179,1.933027298
505,27,-76.2653656006,36.9523086548,1.4464699496
505,28,-76.2700271606,36.9138145447,4.300356218
506,1,-76.2700271606,36.9138145447,0
506,2,-76.2988052368,36.9309234619,3.1880584985
506,3,-76.3065719604,36.9411773682,1.3328639874
507,1,-76.2067108154,36.8474006653,13.6965018425
507,2,-76.2083435059,36.8524093628,0.5755771865
507,3,-76.2138366699,36.8678855896,1.7889270867
507,4,-76.2404022217,36.896736145,3.9842462628
507,5,-76.2700271606,36.9138145447,3.247270896
508,1,-76.3783569336,36.7906265259,16.7492827219
508,2,-76.330291748,36.814201355,5.0185160611
508,3,-76.304107666,36.8343505859,3.2328925949
508,4,-76.282043457,36.8460350037,2.3544423304
508,5,-76.2067108154,36.8474006653,6.7050384572
509,1,-76.4204177856,36.7828483582,20.3332046991
509,2,-76.3783569336,36.7906265259,3.8441898908
510,1,-76.3783569336,36.7906265259,0
510,2,-76.3632125854,36.7664489746,3.0077964884
510,3,-76.344909668,36.7612876892,1.7284700473
510,4,-76.2587585449,36.7604293823,7.6751719875
510,5,-76.2287216187,36.7737541199,3.0584077939
510,6,-76.2152252197,36.7903900146,2.2060319553
510,7,-76.2075119019,36.8039054871,1.6523486121
510,8,-76.2067108154,36.8474006653,4.8369687223
511,1,-86.7185134888,36.1405067444,942.4694512364
511,2,-86.7349624634,36.1427078247,1.4972049696
512,1,-86.7349624634,36.1427078247,0
512,2,-86.7487335205,36.1244163513,2.3804014846
512,3,-86.786895752,36.124835968,3.4279044806
513,1,-83.9359207153,35.9758262634,256.8315744698
513,2,-83.9246444702,35.9821166992,1.2323946953
513,3,-83.9029769897,35.9901885986,2.1462116454
513,4,-83.8566513062,36.0157203674,5.0424002844
513,5,-83.8482666016,36.0135040283,0.7933833565
513,6,-83.8062973022,36.003780365,3.9268699418
513,7,-83.7126083374,36.0074386597,8.4373385673
513,8,-83.5537185669,36.0000343323,14.316513833
513,9,-83.4981079102,36.0040626526,5.0225398407
513,10,-83.4491577148,36.0238761902,4.9231891295
513,11,-83.3709182739,36.0680580139,8.579952023
514,1,-84.2633132935,35.8684654236,83.3206867472
514,2,-84.2322845459,35.8734550476,2.8503812947
514,3,-84.1614379883,35.9111938477,7.6379776538
514,4,-84.0859298706,35.9323120117,7.1934118976
514,5,-83.9830093384,35.9625701904,9.8567670814
514,6,-83.9359207153,35.9758262634,4.4867170109
515,1,-86.7185134888,36.1405067444,250.7940111445
515,2,-86.6581802368,36.1412582397,5.4184258451
515,3,-86.5458602905,36.1721534729,10.6531460558
515,4,-86.3953170776,36.1692962646,13.5170089642
515,5,-86.311668396,36.1652755737,7.5222201169
515,6,-86.2575759888,36.1769790649,5.0268673831
515,7,-86.1980361938,36.183506012,5.3929061618
515,8,-86.0574951172,36.164100647,12.7981658369
515,9,-86.0156707764,36.1678848267,3.778028794
515,10,-85.9641494751,36.1831741333,4.9270490735
515,11,-85.9249649048,36.1801834106,3.5325380687
515,12,-85.8586196899,36.1373214722,7.6283915677
515,13,-85.781867981,36.1449394226,6.9439578682
515,14,-85.7592163086,36.1188087463,3.5469532736
515,15,-85.6997833252,36.1105766296,5.4166261029
515,16,-85.6814804077,36.1118049622,1.6498433278
515,17,-85.6179962158,36.1379089355,6.3981899498
515,18,-85.5093841553,36.1425018311,9.7665485382
515,19,-85.4769363403,36.1414108276,2.9162205922
515,20,-85.4592208862,36.1421737671,1.5930473811
515,21,-85.4348526001,36.1395263672,2.2079269434
515,22,-85.3967590332,36.1482124329,3.5543258816
515,23,-85.3387680054,36.1343994141,5.4292174901
515,24,-85.2989044189,36.1334571838,3.5815046345
515,25,-85.2654724121,36.1195602417,3.3769585587
515,26,-85.2291564941,36.0964698792,4.1516001179
515,27,-85.1151580811,36.0187644958,13.4041528768
515,28,-85.048789978,36.0040359497,6.1900991747
515,29,-85.0012130737,35.9908981323,4.5225285747
515,30,-84.929359436,35.9554595947,7.5721861367
515,31,-84.9061203003,35.9350318909,3.0880453567
515,32,-84.9011230469,35.9139442444,2.3876242753
515,33,-84.8778076172,35.8862380981,3.7284778237
515,34,-84.8387908936,35.8919830322,3.5723970954
515,35,-84.7980880737,35.9162750244,4.5536635334
515,36,-84.7387084961,35.8930130005,5.9408208036
515,37,-84.6785125732,35.891494751,5.4251563595
515,38,-84.6510391235,35.9121818542,3.3785735267
515,39,-84.6239013672,35.9183387756,2.5379763487
515,40,-84.5691070557,35.9038124084,5.1924005874
515,41,-84.5269317627,35.8879699707,4.1875857917
515,42,-84.5146942139,35.8838233948,1.1949971966
515,43,-84.4326553345,35.8617324829,7.7894408033
515,44,-84.2633132935,35.8684654236,15.2781398664
516,1,-82.6073226929,35.5514297485,153.6140895935
516,2,-82.5472717285,35.5481948853,5.4446659908
516,3,-82.4898452759,35.5557746887,5.2631167919
516,4,-82.4719390869,35.5615959167,1.7443276538
516,5,-82.3743591309,35.5881080627,9.304600629
516,6,-82.3329696655,35.6034584045,4.1132068239
516,7,-82.3113937378,35.6197662354,2.6631754026
516,8,-82.2005462646,35.6223335266,10.0234457518
516,9,-82.0888748169,35.6361541748,10.2091526335
516,10,-82.0355148315,35.6516075134,5.1188043225
516,11,-81.9957351685,35.6459312439,3.6493888141
516,12,-81.982170105,35.6466140747,1.2280935733
516,13,-81.8983612061,35.6911010742,9.0436754737
516,14,-81.8099365234,35.6883964539,7.9913976945
516,15,-81.7492370605,35.7088241577,5.9332458688
516,16,-81.698928833,35.7136421204,4.5736558778
516,17,-81.6649780273,35.7154846191,3.0720223634
516,18,-81.6130752563,35.726184845,4.8342778194
516,19,-81.5624465942,35.7164230347,4.6976510523
516,20,-81.5035400391,35.7171859741,5.3187917478
516,21,-81.4521942139,35.698764801,5.0683908364
516,22,-81.3300933838,35.7129020691,11.136353189
516,23,-81.2540893555,35.7073783875,6.889690196
516,24,-81.2016525269,35.7228965759,5.0387924776
516,25,-81.1004180908,35.7352218628,9.2402940368
516,26,-80.9565429688,35.7850227356,14.1137818358
516,27,-80.8672027588,35.8070335388,8.4211642299
516,28,-80.8485565186,35.8130645752,1.8102228697
517,1,-83.3709182739,36.0680580139,228.8355968512
517,2,-83.3151702881,36.0392303467,5.949055739
517,3,-83.271697998,35.9919624329,6.5507709864
517,4,-83.2398834229,35.9698600769,3.7729453173
517,5,-83.187789917,35.9324226379,6.2703719464
517,6,-83.1861419678,35.8413619995,10.1265693054
517,7,-83.1280822754,35.8305473328,5.3701834991
517,8,-83.1102752686,35.8136405945,2.4722085878
517,9,-83.1014480591,35.7895736694,2.7920163661
517,10,-83.0835342407,35.7765197754,2.1721277585
517,11,-83.0579299927,35.760383606,2.9250255612
517,12,-83.0259170532,35.7539405823,2.9761973771
517,13,-83.0094909668,35.7257575989,3.4667878688
517,14,-83.0202636719,35.6973381042,3.3063973459
517,15,-83.016242981,35.6815490723,1.7928176772
517,16,-82.9806518555,35.6697387695,3.4727281091
517,17,-82.9811096191,35.6524734497,1.9202613576
517,18,-83.0049438477,35.6250839233,3.7302411361
517,19,-83.0036468506,35.6065063477,2.0690565508
517,20,-82.9582824707,35.5604286194,6.563592687
517,21,-82.920715332,35.53956604,4.1149077775
517,22,-82.7762908936,35.5484924316,13.1045690917
517,23,-82.7269287109,35.5596313477,4.6341173192
517,24,-82.6323394775,35.5554122925,8.569453793
517,25,-82.6165161133,35.5557670593,1.4319696888
517,26,-82.6073226929,35.5514297485,0.9614041996
518,1,-77.4000244141,37.2188148499,501.5687485789
518,2,-77.352722168,37.1770591736,6.2538813683
518,3,-77.357383728,37.1525840759,2.752675623
518,4,-77.364944458,37.1235771179,3.294320742
518,5,-77.3684463501,37.1027259827,2.3392417832
518,6,-77.3580932617,37.0827674866,2.4017594885
518,7,-77.3639068604,37.0596504211,2.621737915
518,8,-77.3801269531,37.0193214417,4.7098066036
518,9,-77.3883132935,36.9372634888,9.1533595426
518,10,-77.4052124023,36.869758606,7.6551221594
518,11,-77.4572067261,36.8054542542,8.5169026293
518,12,-77.467086792,36.7587776184,5.264261747
518,13,-77.5378875732,36.7160377502,7.8987356636
518,14,-77.5533752441,36.7037887573,1.9393739445
518,15,-77.5696487427,36.6632003784,4.7407809632
518,16,-77.5856933594,36.5538291931,12.2455540119
518,17,-77.5860900879,36.5511398315,0.3011357528
518,18,-77.6195068359,36.4728736877,9.2009668796
518,19,-77.6428146362,36.4229812622,5.9265632182
518,20,-77.6760177612,36.3478660583,8.8655112772
518,21,-77.7430725098,36.2647628784,11.0224005013
518,22,-77.7690048218,36.2176132202,5.7354826923
518,23,-77.7822494507,36.1552429199,7.0363855454
518,24,-77.838760376,36.0523757935,12.5143954668
518,25,-77.870880127,35.9826202393,8.2769515873
518,26,-77.979675293,35.8261451721,19.9687718057
518,27,-77.9991149902,35.7774620056,5.6901307577
518,28,-78.0180130005,35.7269477844,5.8701034312
518,29,-78.0403060913,35.6973648071,3.8563997821
518,30,-78.1190948486,35.6264762878,10.6206702901
518,31,-78.1465682983,35.5905990601,4.6993319093
518,32,-78.1624603271,35.5649757385,3.1911601946
518,33,-78.1917037964,35.5477256775,3.2676348244
518,34,-78.2932357788,35.5074729919,10.2202912765
518,35,-78.3058319092,35.4999351501,1.4151420543
519,1,-80.8670883179,35.249256134,233.8805197769
519,2,-80.860710144,35.3332862854,9.3616415101
519,3,-80.880897522,35.4221000671,10.0438101129
519,4,-80.8792037964,35.4711303711,5.4540794875
519,5,-80.8464050293,35.5689468384,11.2744752686
519,6,-80.8508911133,35.6165657043,5.3104909668
519,7,-80.8526229858,35.6701011658,5.954928488
519,8,-80.8508224487,35.7622299194,10.245539625
519,9,-80.8466796875,35.7971992493,3.9063296606
519,10,-80.8485565186,35.8130645752,1.7722442987
520,1,-104.9919433594,39.774269104,2159.6973464661
520,2,-105.0085296631,39.7583808899,2.2651528255
520,3,-105.0104598999,39.7365531921,2.4327329279
520,4,-105.0006790161,39.7200393677,2.0177872527
520,5,-104.9839324951,39.7078056335,1.9754380422
520,6,-104.9371643066,39.680519104,5.0217534534
520,7,-104.9229736328,39.6713829041,1.5833566351
520,8,-104.9110641479,39.6472091675,2.8748392478
520,9,-104.8999328613,39.6266479492,2.4770446387
520,10,-104.8679428101,39.5558433533,8.3366577997
520,11,-104.8592224121,39.3941497803,17.9950779186
520,12,-104.861907959,39.3759307861,2.03896479
520,13,-104.8912506104,39.264919281,12.599341592
520,14,-104.8732376099,39.2227745056,4.9363466755
520,15,-104.8409423828,39.1796531677,5.5439109526
520,16,-104.8558120728,39.1157569885,7.2197137911
520,17,-104.8470687866,39.0674667358,5.4223899378
520,18,-104.7908477783,38.977809906,11.0894901263
520,19,-104.8023681641,38.9316978455,5.2232995166
520,20,-104.8298492432,38.898311615,4.408495527
520,21,-104.8500366211,38.8741798401,3.2020739133
520,22,-104.8541183472,38.8473129272,3.0082960584
520,23,-104.8454437256,38.8257789612,2.5095802079
520,24,-104.8283615112,38.8139953613,1.9765986596
520,25,-104.8134994507,38.7989768982,2.1088541954
520,26,-104.7940216064,38.7863426208,2.1962038707
520,27,-104.7674560547,38.7602882385,3.7009515249
520,28,-104.7143325806,38.6805076599,9.9969263322
520,29,-104.6682128906,38.5556297302,14.4523354208
520,30,-104.6153793335,38.4485969543,12.7586515166
520,31,-104.6144790649,38.3026008606,16.2342146228
520,32,-104.6087722778,38.2787094116,2.70289211
520,33,-104.6088638306,38.2669181824,1.3111492304
520,34,-104.6100082397,38.2523765564,1.6200393958
520,35,-104.6329269409,38.1987380981,6.2913594155
520,36,-104.636138916,38.164188385,3.8519971613
520,37,-104.6569290161,38.1300964355,4.2042567082
520,38,-104.7178344727,38.0505104065,10.3307799267
520,39,-104.7355422974,38.0142173767,4.3233597104
520,40,-104.7940979004,37.9509773254,8.70553243
520,41,-104.8247756958,37.9061546326,5.6639764542
520,42,-104.8252029419,37.8122596741,10.4407103965
520,43,-104.834526062,37.7603034973,5.8350673974
520,44,-104.7921600342,37.6589546204,11.8697443229
520,45,-104.7633743286,37.6261672974,4.4402224682
520,46,-104.7470092773,37.5975761414,3.490731052
520,47,-104.662147522,37.4886894226,14.2328548129
520,48,-104.5525131226,37.3064422607,22.460293737
520,49,-104.5032348633,37.2614135742,6.6390389202
520,50,-104.4925689697,37.1972694397,7.1947421085
520,51,-104.5049133301,37.1593208313,4.359115581
520,52,-104.5079727173,37.1492652893,1.1505293653
520,53,-104.5130615234,37.1178398132,3.5233519355
520,54,-104.4988861084,37.038356781,8.9271271749
520,55,-104.4623260498,37.0179405212,3.9606704359
520,56,-104.4751358032,36.9952545166,2.7671593489
520,57,-104.4650878906,36.9931297302,0.9231126446
520,58,-104.4634780884,36.9626579285,3.3913259489
520,59,-104.4319458008,36.9219779968,5.3211069458
520,60,-104.4143447876,36.917678833,1.6360881356
520,61,-104.4078140259,36.9019966125,1.8379146794
520,62,-104.4143676758,36.8890800476,1.5499926787
520,63,-104.4311981201,36.8021087646,9.7860431684
520,64,-104.4344787598,36.7672805786,3.8837221291
520,65,-104.4669265747,36.7158508301,6.4080625656
520,66,-104.4761276245,36.6585464478,6.4245587067
520,67,-104.5409011841,36.5928726196,9.3134551443
520,68,-104.5473251343,36.5327262878,6.7125313076
520,69,-104.5760955811,36.5015563965,4.3154495006
520,70,-104.5896911621,36.4552955627,5.2856460731
520,71,-104.6047363281,36.3741264343,9.1254514133
520,72,-104.6816177368,36.1608123779,24.7006033286
520,73,-104.7163162231,36.0212898254,15.8243857147
520,74,-104.872718811,35.8674240112,22.1575758565
520,75,-104.9369277954,35.8460235596,6.2568068923
520,76,-104.9743270874,35.8155059814,4.7835968682
520,77,-104.9990005493,35.7781944275,4.7079648346
520,78,-105.0429992676,35.7397079468,5.8374676709
520,79,-105.177482605,35.6705474854,14.3733479357
520,80,-105.19921875,35.5985908508,8.2388207912
520,81,-105.2099609375,35.5757675171,2.7173914334
520,82,-105.2350234985,35.5266075134,5.9179220738
520,83,-105.2586135864,35.4492340088,8.8646867639
520,84,-105.2728271484,35.4242477417,3.0622516295
520,85,-105.2999725342,35.4001197815,3.6400211537
520,86,-105.4421844482,35.4013137817,12.8903822333
520,87,-105.5403823853,35.426940918,9.3440296814
520,88,-105.6107254028,35.4580421448,7.2503259744
520,89,-105.6513442993,35.4850883484,4.7512840104
520,90,-105.6886444092,35.5501670837,7.9851329432
520,91,-105.7390823364,35.5742721558,5.2914694016
520,92,-105.761932373,35.5957832336,3.1608496226
520,93,-105.7755737305,35.5943412781,1.2438056004
520,94,-105.8311233521,35.5513420105,6.9355857491
520,95,-105.8498916626,35.548664093,1.7238650827
520,96,-105.8767318726,35.556186676,2.5681776819
520,97,-105.9116287231,35.588432312,4.7768014244
520,98,-105.9489364624,35.6034736633,3.7651340284
520,99,-105.9867095947,35.6071662903,3.4395391405
520,100,-106.0587158203,35.5890007019,6.8165827213
520,101,-106.1537475586,35.5291252136,10.873186958
520,102,-106.233581543,35.5101318359,7.5275881576
520,103,-106.4330291748,35.3943138123,22.1861780221
520,104,-106.5068511963,35.3282432556,9.9392036585
520,105,-106.5551300049,35.2466125488,10.0793054715
520,106,-106.6144638062,35.1134109497,15.7624637874
521,1,-85.2122497559,35.0164871216,1944.1424036352
521,2,-85.1997070313,35.0165748596,1.1422717955
521,3,-85.1691131592,35.0339927673,3.3929044629
521,4,-85.1204833984,35.0926818848,7.8852768649
521,5,-85.0827484131,35.1089553833,3.8805938774
521,6,-85.0645751953,35.1128196716,1.7080039391
521,7,-85.021270752,35.143901825,5.2397208557
521,8,-84.9452133179,35.1623153687,7.2115139858
521,9,-84.9007797241,35.1887702942,4.9963252199
521,10,-84.7893218994,35.2806739807,14.3842762785
521,11,-84.7214660645,35.3825035095,12.8879509831
521,12,-84.6438064575,35.4652519226,11.5835715829
521,13,-84.5986480713,35.5001945496,5.6405215698
521,14,-84.4977340698,35.6063995361,14.9266860191
521,15,-84.3912734985,35.7422790527,17.9098024161
521,16,-84.2876663208,35.8204689026,12.7648398347
521,17,-84.2726135254,35.8407020569,2.6274022124
521,18,-84.2633132935,35.8684654236,3.1989070025
522,1,-85.4547195435,34.9705238342,147.0513317782
522,2,-85.4270019531,34.9759063721,2.5954491145
522,3,-85.4156112671,34.9896202087,1.8445224859
522,4,-85.407875061,35.0146903992,2.8753544644
522,5,-85.3903121948,35.0278549194,2.1680811817
522,6,-85.3632736206,35.0353965759,2.6007786402
522,7,-85.3341140747,35.0240097046,2.941504921
522,8,-85.3035964966,35.0311508179,2.890000798
522,9,-85.2902374268,35.0288543701,1.2428861429
522,10,-85.2706756592,35.0267868042,1.7959641835
522,11,-85.2122497559,35.0164871216,5.4422193387
523,1,-85.4547195435,34.9705238342,22.6708473293
523,2,-85.4996795654,34.9784317017,4.1897954526
523,3,-85.5134429932,34.9900779724,1.8025766832
523,4,-85.521812439,35.0136299133,2.7275516012
523,5,-85.6161193848,35.0522918701,9.6026115755
523,6,-85.6869506836,35.0514907837,6.448229007
523,7,-85.7239990234,35.0645103455,3.6697989624
523,8,-85.7371826172,35.1044540405,4.6006813989
523,9,-85.7521057129,35.1335639954,3.5099354374
523,10,-85.7933578491,35.1643981934,5.0815832992
523,11,-85.795211792,35.1839866638,2.1846469125
523,12,-85.7939758301,35.2212028503,4.1397745628
523,13,-85.82447052,35.2312431335,2.9864521176
523,14,-85.8483505249,35.2383460999,2.3081976145
523,15,-85.8627929688,35.2428817749,1.4052419744
523,16,-85.8753738403,35.2750701904,3.7570511037
523,17,-85.9040985107,35.312286377,4.8909564497
523,18,-85.9980239868,35.3914146423,12.2465482286
523,19,-86.0549316406,35.4675788879,9.9151783603
523,20,-86.0723724365,35.4944267273,3.3773038332
523,21,-86.0820007324,35.5065116882,1.6017024249
523,22,-86.1273040771,35.5436820984,5.82164915
523,23,-86.1814804077,35.5588417053,5.1829847903
523,24,-86.2169036865,35.5775337219,3.819098343
523,25,-86.3302459717,35.7372436523,20.4997995917
523,26,-86.4011993408,35.803150177,9.7305995331
523,27,-86.428314209,35.8206481934,3.1247136215
523,28,-86.5089797974,35.9216194153,13.3748310003
523,29,-86.6203460693,35.9974098206,13.095543638
523,30,-86.7055587769,36.0774726868,11.745715023
523,31,-86.7166976929,36.0969009399,2.380937081
523,32,-86.726600647,36.122089386,2.9387162003
523,33,-86.7185134888,36.1405067444,2.1728942353
524,1,-80.8670883179,35.249256134,537.5377181301
524,2,-80.8973922729,35.2408599854,2.9060133873
524,3,-81.0401153564,35.261932373,13.1700600352
524,4,-81.1104888916,35.2603797913,6.3918194777
524,5,-81.1835403442,35.2864532471,7.2376781635
524,6,-81.2693252563,35.2619552612,8.250181266
524,7,-81.2988052368,35.2402954102,3.6009276515
524,8,-81.3192825317,35.2196426392,2.9551938179
524,9,-81.4140090942,35.1672363281,10.3947765787
524,10,-81.4190826416,35.1657104492,0.4914053876
524,11,-81.4626617432,35.1525688171,4.2225993385
524,12,-81.5876617432,35.1055450439,12.51259937
524,13,-81.754776001,35.0641174316,15.8883429074
524,14,-81.9046173096,35.0127410889,14.7898311767
524,15,-81.9423370361,34.9944114685,3.9946531152
524,16,-81.9667434692,34.9831047058,2.5542322629
524,17,-82.0089569092,34.9664955139,4.2666471797
525,1,-82.0089569092,34.9664955139,0
525,2,-82.0367736816,35.0209693909,6.5658622865
525,3,-82.1119155884,35.1399841309,14.8958779134
525,4,-82.1682815552,35.1843681335,7.1141825702
525,5,-82.1752624512,35.1924476624,1.0998088463
525,6,-82.2154388428,35.2388877869,6.323535009
525,7,-82.2405471802,35.2502174377,2.6050303565
525,8,-82.3072662354,35.2403030396,6.1583498484
525,9,-82.3429336548,35.2464141846,3.3096066538
525,10,-82.400970459,35.2833862305,6.6831919455
525,11,-82.4393844604,35.3393554688,7.1331101836
525,12,-82.509979248,35.4114303589,10.2565463868
525,13,-82.5687866211,35.4986991882,11.0696334188
525,14,-82.6073226929,35.5514297485,6.8221063759
526,1,-111.6508636475,35.1772193909,2624.3347107043
526,2,-111.6179580688,35.1856689453,3.134678392
526,3,-111.5749740601,35.2129554749,4.9457153068
526,4,-111.5048751831,35.2040290833,6.4455664101
526,5,-111.4091033936,35.2014389038,8.7065233465
526,6,-111.3432006836,35.1813964844,6.3899419611
526,7,-111.3037719727,35.1612701416,4.2252086418
526,8,-111.2634506226,35.1674919128,3.7300196365
526,9,-111.1605453491,35.128993988,10.2889721503
526,10,-110.9360351563,35.1002235413,20.67001409
526,11,-110.7155227661,35.0419921875,21.0867569327
526,12,-110.6868057251,35.0387763977,2.6387560916
526,13,-110.6083221436,35.0185317993,7.4923852218
526,14,-110.551071167,34.9911193848,6.0399763528
526,15,-110.5121688843,34.9816169739,3.6981841848
526,16,-110.4151306152,34.9842224121,8.8453742078
526,17,-110.3857803345,34.9750518799,2.8618829527
526,18,-110.3341445923,34.9738121033,4.7067584254
526,19,-110.2827377319,34.9530601501,5.2219993926
526,20,-110.243598938,34.9257698059,4.6836273183
526,21,-110.1985397339,34.9130821228,4.3437697903
526,22,-110.1547851563,34.9112472534,3.9948966571
526,23,-110.1291122437,34.918762207,2.4855349286
526,24,-110.1186599731,34.9329414368,1.8422525376
526,25,-110.0839233398,34.9750480652,5.6518769834
526,26,-109.9378585815,35.0044212341,13.7010530487
526,27,-109.8612136841,35.0263366699,7.3930937054
526,28,-109.7975006104,35.0558929443,6.6667861382
526,29,-109.5947036743,35.1173629761,19.6775584622
526,30,-109.5460510254,35.1530265808,5.9413627504
526,31,-109.4321670532,35.2062606812,11.9234545054
526,32,-109.323677063,35.2338447571,10.3214910919
526,33,-109.2602844238,35.2906684875,8.5469495724
526,34,-109.2315826416,35.2975158691,2.7138824995
526,35,-109.20677948,35.2911949158,2.3582298658
526,36,-109.1724319458,35.2957725525,3.1585856241
526,37,-109.1003570557,35.3221626282,7.1682509325
526,38,-109.0603790283,35.3530502319,4.994636338
526,39,-109.0464553833,35.3581085205,1.3823120453
526,40,-109.0090713501,35.371673584,3.7103280806
526,41,-108.9707107544,35.4188804626,6.2963638827
526,42,-108.8944396973,35.4774131775,9.4918080491
526,43,-108.8401794434,35.4932670593,5.2195449365
526,44,-108.7858352661,35.530456543,6.4261362051
526,45,-108.7473678589,35.5390281677,3.6089104854
526,46,-108.6439056396,35.5509567261,9.4542279593
526,47,-108.5355529785,35.5184173584,10.4507678642
526,48,-108.4555511475,35.4889678955,7.9478261896
526,49,-108.3053894043,35.4178466797,15.7333440004
526,50,-108.2473831177,35.4043769836,5.4660587074
526,51,-108.0239639282,35.3622550964,20.7889624687
526,52,-107.9853897095,35.3356437683,4.5820830271
526,53,-107.9632873535,35.30235672,4.209670921
526,54,-107.9629058838,35.2887420654,1.5142763232
526,55,-107.9605407715,35.2555580139,3.6961396517
526,56,-107.9424362183,35.2213478088,4.1441478708
526,57,-107.8710174561,35.1398963928,11.1426999018
526,58,-107.8415527344,35.117805481,3.6351097815
526,59,-107.8124313354,35.1107177734,2.7635893285
526,60,-107.7735519409,35.0812606812,4.8208390759
526,61,-107.7585220337,35.0729217529,1.6524025397
526,62,-107.7080383301,35.0691566467,4.6133761435
526,63,-107.6308746338,35.0813903809,7.1525760391
526,64,-107.5550918579,35.0777244568,6.9080351896
526,65,-107.5057525635,35.0439414978,5.8547508329
526,66,-107.4812011719,35.0359039307,2.4072430634
526,67,-107.3797454834,35.0272674561,9.2873619503
526,68,-107.3507080078,35.0438461304,3.2230027836
526,69,-107.2894134521,34.9971084595,7.6265028675
526,70,-107.1579360962,34.9792251587,12.1413674839
526,71,-107.1366195679,34.9788894653,1.9424832213
526,72,-106.9746170044,35.036151886,16.0699890006
526,73,-106.7594985962,35.0753898621,20.0610180674
526,74,-106.7651138306,35.0950241089,2.2422177336
526,75,-106.7553253174,35.1220855713,3.1380714704
526,76,-106.6422424316,35.1244163513,10.2879430252
526,77,-106.6144638062,35.1134109497,2.807312047
527,1,-117.0084075928,34.8861503601,946.6484814181
527,2,-116.9585189819,34.9093017578,5.2276025563
527,3,-116.8542327881,34.9156036377,9.5349010513
527,4,-116.6892776489,34.9484367371,15.4743423713
527,5,-116.3960342407,35.0812454224,30.5165564127
527,6,-116.2603607178,35.1099815369,12.7503136133
527,7,-116.2157058716,35.1355743408,4.9590995994
527,8,-116.1503982544,35.1941413879,8.812132541
527,9,-116.1158905029,35.2102279663,3.6097322558
527,10,-116.1008911133,35.2418823242,3.7742906962
527,11,-116.0683441162,35.2806396484,5.2254391158
527,12,-115.8367156982,35.3980140686,24.7338947629
527,13,-115.5925979614,35.4806404114,23.9480737711
527,14,-115.5625839233,35.4847984314,2.7566701269
527,15,-115.4747772217,35.470539093,8.1075099926
527,16,-115.4555282593,35.473033905,1.7650702353
527,17,-115.43359375,35.4948883057,3.1384216218
527,18,-115.4138336182,35.5687866211,8.4094160179
527,19,-115.3910675049,35.6107978821,5.1049200508
527,20,-115.3546218872,35.7528038025,16.1298027391
527,21,-115.3147659302,35.8116912842,7.4700770727
527,22,-115.2117080688,35.9000320435,13.5187424748
527,23,-115.1866836548,35.9491157532,5.9047137702
527,24,-115.1850280762,36.0421066284,10.3411861941
527,25,-115.176322937,36.120010376,8.6977536984
527,26,-115.1551589966,36.1704978943,5.9268784628
527,27,-115.1347808838,36.1878738403,2.6605188974
527,28,-115.0522842407,36.2695808411,11.7175109235
527,29,-114.9689254761,36.2917823792,7.8693137906
527,30,-114.9256896973,36.3069190979,4.2243976477
527,31,-114.9011993408,36.3250923157,2.9829967977
527,32,-114.8995132446,36.3654403687,4.489039544
527,33,-114.8770904541,36.3904495239,3.4297312812
527,34,-114.6978225708,36.5508995056,23.9847070337
527,35,-114.6557769775,36.5763969421,4.7052518018
527,36,-114.622505188,36.6133918762,5.0739578332
527,37,-114.5667037964,36.654460907,6.7562152688
527,38,-114.5175628662,36.6657066345,4.55823025
527,39,-114.4929885864,36.6969490051,4.1074220048
527,40,-114.4298553467,36.730091095,6.7268322974
527,41,-114.2658233643,36.7709312439,15.3036924513
527,42,-114.2293395996,36.7628364563,3.3721654976
527,43,-114.1793289185,36.7634887695,4.4555454947
527,44,-114.0939025879,36.8027381897,8.770752424
527,45,-114.0426483154,36.8157272339,4.7861180643
527,46,-113.9988174438,36.8283996582,4.148126196
527,47,-113.9734725952,36.8634109497,4.4991505897
527,48,-113.9329986572,36.8889808655,4.5874572177
527,49,-113.8452758789,36.9108657837,8.1711704372
527,50,-113.8177108765,36.9423789978,4.2758042985
527,51,-113.7777862549,36.9615974426,4.1416184743
527,52,-113.731918335,36.9748535156,4.3333646946
527,53,-113.6421127319,36.9771575928,7.9817449037
527,54,-113.6173324585,36.9948692322,2.9534896912
527,55,-113.6153793335,36.9977111816,0.3604842777
527,56,-113.5893783569,37.03540802,4.7853386917
527,57,-113.579246521,37.0804862976,5.0924678241
527,58,-113.5678710938,37.0892372131,1.401797922
527,59,-113.557258606,37.106628418,2.1507040026
527,60,-113.5124588013,37.1262130737,4.5300882829
527,61,-113.4551086426,37.1662826538,6.7594321209
527,62,-113.3556671143,37.2499809265,12.8130029426
527,63,-113.3277893066,37.2872505188,4.8228488037
527,64,-113.2549438477,37.3889122009,13.0100469346
527,65,-113.2225799561,37.4668464661,9.1249510256
527,66,-113.2186584473,37.5211639404,6.0497283455
527,67,-113.1749267578,37.5696983337,6.6325168501
527,68,-113.0898132324,37.6409416199,10.9075218155
527,69,-113.0737304688,37.6699104309,3.518601541
527,70,-113.0701370239,37.6938400269,2.679574877
527,71,-113.0309295654,37.7302246094,5.3163285901
527,72,-112.9202957153,37.8036994934,12.7012048869
527,73,-112.7771987915,37.9000091553,16.5086567979
527,74,-112.6814041138,38.0604515076,19.7173194956
527,75,-112.6597442627,38.0805549622,2.931229576
527,76,-112.6119003296,38.136932373,7.5379994283
527,77,-112.6410217285,38.1792564392,5.3508496392
527,78,-112.6605758667,38.2053565979,3.3679497041
527,79,-112.6576080322,38.2655944824,6.703160933
527,80,-112.6461181641,38.3999404907,14.9721738038
527,81,-112.6147766113,38.4423866272,5.4526587651
527,82,-112.615562439,38.576713562,14.9366301641
528,1,-118.4998703003,34.322769165,707.336240702
528,2,-118.5184326172,34.3329772949,2.0478909571
528,3,-118.5480880737,34.3694038391,4.8803414463
528,4,-118.5811920166,34.4366607666,8.0718039133
528,5,-118.6048812866,34.4499664307,2.6283063681
528,6,-118.6122970581,34.4857673645,4.0385141121
528,7,-118.6382446289,34.5267562866,5.1406480729
528,8,-118.6793212891,34.5688819885,6.0078622062
528,9,-118.7110290527,34.5893211365,3.6867478545
528,10,-118.7181930542,34.6101150513,2.4033572486
528,11,-118.7418365479,34.618396759,2.3515007727
528,12,-118.7758789063,34.6655845642,6.1016530877
528,13,-118.8022994995,34.7678375244,11.623621113
528,14,-118.8358383179,34.7895698547,3.9015924339
528,15,-118.8565063477,34.7874259949,1.9024069246
528,16,-118.8709106445,34.8040008545,2.2642408697
528,17,-118.8761062622,34.8570671082,5.9197235707
528,18,-118.9190979004,34.918598175,7.8859742461
528,19,-118.9675064087,35.0567588806,15.9831968992
528,20,-119.2361068726,35.2717399597,34.1701443948
528,21,-119.2528457642,35.2854957581,2.1560063778
528,22,-119.3986206055,35.4061203003,18.8338898892
528,23,-119.52394104,35.5101852417,16.2091199651
528,24,-119.6343688965,35.6140289307,15.2678360103
528,25,-119.7641601563,35.7910270691,22.9064398174
528,26,-119.8222351074,35.8731803894,10.5289431635
528,27,-119.9417953491,35.9687767029,15.1296055389
528,28,-120.0758209229,36.0625190735,15.9361371442
528,29,-120.2451705933,36.2541007996,26.1719245546
528,30,-120.285736084,36.3074493408,6.9578332799
528,31,-120.342010498,36.3912124634,10.5901505499
528,32,-120.3814163208,36.4282264709,5.4198658428
528,33,-120.603729248,36.6377601624,30.6166918815
528,34,-120.8019638062,36.9034729004,34.4199054092
528,35,-120.9653396606,37.0520477295,21.9898625632
528,36,-120.9975280762,37.0927314758,5.3497917905
528,37,-121.068397522,37.1852035522,12.0495470223
528,38,-121.1578216553,37.4303741455,28.3857957138
528,39,-121.2599411011,37.5420875549,15.3457146633
528,40,-121.3344116211,37.5934524536,8.7006956109
528,41,-121.3307647705,37.6802482605,9.6565942162
528,42,-121.3277893066,37.7289085388,5.4171042827
528,43,-121.3292922974,37.7547187805,2.8730091912
529,1,-118.4998703003,34.322769165,458.5825020491
529,2,-118.4734649658,34.3090171814,2.8669352638
529,3,-118.463142395,34.2927856445,2.0387788221
530,1,-117.3911361694,34.2222633362,98.8331676641
530,2,-117.4424591064,34.2616271973,6.4354585668
530,3,-117.4325942993,34.2861976624,2.878553162
530,4,-117.4549942017,34.3110961914,3.4494900643
530,5,-117.4650421143,34.3165092468,1.101772149
530,6,-117.4724578857,34.3478431702,3.5500898609
530,7,-117.4346618652,34.3575325012,3.6331137655
530,8,-117.3893127441,34.4131126404,7.4506926208
530,9,-117.3056564331,34.5255775452,14.6697390445
530,10,-117.3001403809,34.5419464111,1.8889673157
530,11,-117.2045059204,34.6702766418,16.7401366337
530,12,-117.2023239136,34.6911735535,2.3321809216
530,13,-117.1460189819,34.7707366943,10.2344789834
530,14,-117.073890686,34.8230285645,8.7855752937
530,15,-117.0660858154,34.8534545898,3.4573929067
530,16,-117.0084075928,34.8861503601,6.3957985835
531,1,-78.3058319092,35.4999351501,3494.6748031176
531,2,-78.350730896,35.4615364075,5.8956627175
531,3,-78.3906860352,35.441204071,4.2672809147
531,4,-78.5216674805,35.3820915222,13.5685632521
531,5,-78.5400085449,35.3668823242,2.3717983432
531,6,-78.5973510742,35.2845077515,10.533840767
531,7,-78.6589202881,35.2107696533,9.9241267537
531,8,-78.7560806274,35.1192169189,13.4774264591
531,9,-78.7806167603,35.0967712402,3.3482492202
531,10,-78.8034439087,35.0743026733,3.2490125223
531,11,-78.8179702759,35.0426635742,3.7583614308
531,12,-78.830329895,35.0055541992,4.2771022875
531,13,-78.9255905151,34.9365348816,11.586229097
531,14,-78.9630966187,34.9000892639,5.3025894676
531,15,-78.9783859253,34.8461837769,6.1541592855
531,16,-79.0025253296,34.798248291,5.7676977996
531,17,-79.0007705688,34.718296051,8.8917285951
531,18,-79.0048370361,34.6624641418,6.219347865
531,19,-79.0511779785,34.6206016541,6.2960749477
531,20,-79.1012115479,34.5919265747,5.5799062932
531,21,-79.1808013916,34.5620765686,8.0071086177
531,22,-79.304069519,34.5069999695,12.8453469973
531,23,-79.310546875,34.5042304993,0.6686695993
531,24,-79.3376541138,34.4926567078,2.7976901801
531,25,-79.3809890747,34.4415550232,6.9332873441
531,26,-79.5426177979,34.3391647339,18.6970517564
531,27,-79.68699646,34.2733001709,15.1492984742
531,28,-79.8060836792,34.2299346924,11.9605070484
531,29,-79.8467025757,34.198638916,5.1048932567
532,1,-117.5279388428,34.0771942139,3447.7662368436
532,2,-117.5098571777,34.1100006104,4.0099233836
532,3,-117.4773330688,34.1442260742,4.8420839246
532,4,-117.4137496948,34.1926574707,7.9511974654
532,5,-117.3911361694,34.2222633362,3.8938159826
533,1,-118.4998703003,34.322769165,102.4899472073
533,2,-118.4347763062,34.3226776123,5.9777905843
533,3,-118.3907165527,34.2859535217,5.7492338555
533,4,-118.3483276367,34.2791824341,3.9666763988
533,5,-118.2554168701,34.2411346436,9.5292878628
533,6,-118.1993331909,34.2080955505,6.3312403375
533,7,-118.1426086426,34.1664009094,6.9798165734
533,8,-118.0843505859,34.1692314148,5.3691055485
533,9,-118.067565918,34.1598396301,1.8642492269
533,10,-118.057434082,34.149936676,1.4428175759
533,11,-118.0457077026,34.1445846558,1.2323377098
533,12,-117.9807815552,34.146522522,5.9788112813
533,13,-117.9366607666,34.1237030029,4.7883651342
533,14,-117.8983459473,34.1212768555,3.5372440856
533,15,-117.83228302,34.1181335449,6.0914361899
533,16,-117.81980896,34.0936851501,2.9511791528
533,17,-117.799659729,34.0770149231,2.6228210109
534,1,-80.9355316162,34.0754356384,3376.3709799724
534,2,-80.9384078979,34.0840492249,0.9937445684
534,3,-80.9824981689,34.1495895386,8.341797945
534,4,-81.0128860474,34.224319458,8.7670942026
534,5,-81.0214080811,34.2805938721,6.3062601432
534,6,-81.0073165894,34.3947753906,12.7621597167
534,7,-81.0039672852,34.5229263306,14.2530426848
534,8,-81.0503997803,34.6565284729,15.4519670753
534,9,-81.0650024414,34.7426986694,9.6742371515
534,10,-81.003944397,34.9080963135,19.2173088737
534,11,-81.006187439,34.9939002991,9.5431577675
534,12,-80.9264297485,35.0995368958,13.8090941391
534,13,-80.9161300659,35.1131439209,1.7796367226
534,14,-80.8955078125,35.1759567261,7.2317787074
534,15,-80.8828353882,35.1987533569,2.7842065467
534,16,-80.8696517944,35.2274475098,3.4080337514
534,17,-80.8670883179,35.249256134,2.436158401
535,1,-117.799659729,34.0770149231,3360.7711412603
535,2,-117.643371582,34.0875205994,14.4407447011
535,3,-117.6094436646,34.0754318237,3.4015056811
535,4,-117.5279388428,34.0771942139,7.5093040383
536,1,-117.3911361694,34.2222633362,20.4618304676
536,2,-117.3320465088,34.1811103821,7.1042449695
536,3,-117.2941589355,34.1425628662,5.5248878416
536,4,-117.2807769775,34.1248703003,2.3210701792
536,5,-117.280166626,34.1085090637,1.8201539554
536,6,-117.2828063965,34.071685791,4.1017706601
537,1,-81.1035232544,34.0335006714,3315.2949494759
537,2,-81.0908813477,34.0408935547,1.4257331875
537,3,-81.0279769897,34.0628356934,6.2879383737
537,4,-80.9998092651,34.0712623596,2.7585937167
537,5,-80.9494018555,34.0762329102,4.6755399106
537,6,-80.9355316162,34.0754356384,1.2805546226
538,1,-81.1035232544,34.0335006714,16.1635386707
538,2,-81.1765594482,34.0982398987,9.8529936147
538,3,-81.2154769897,34.1392021179,5.7949132122
538,4,-81.2473526001,34.1538619995,3.3558731196
538,5,-81.3058853149,34.1682167053,5.6171316633
538,6,-81.3949813843,34.2135391235,9.6204221407
538,7,-81.4676589966,34.2376441956,7.1994755244
538,8,-81.6105422974,34.3202819824,16.0245696401
538,9,-81.6601715088,34.351398468,5.721609983
538,10,-81.7104644775,34.4111061096,8.0857968906
538,11,-81.7758331299,34.4437561035,7.0090444189
538,12,-81.8432235718,34.4890594482,7.971499491
538,13,-81.8777999878,34.5121307373,4.0768624437
538,14,-81.8904724121,34.5287399292,2.1814680772
538,15,-81.8948440552,34.5931892395,7.1776085419
538,16,-81.9448318481,34.7159385681,14.3945804967
538,17,-81.956741333,34.8106803894,10.5908341342
538,18,-81.9709091187,34.8390579224,3.4101682678
538,19,-81.9930801392,34.8732032776,4.3021112093
538,20,-81.991859436,34.9127388,4.3975590717
538,21,-82.0003204346,34.9362106323,2.7215560669
538,22,-82.0089569092,34.9664955139,3.4582932661
539,1,-118.463142395,34.2927856445,3317.5621787016
539,2,-118.4760284424,34.2103691101,9.2405156793
539,3,-118.4594802856,34.1569404602,6.1328995626
539,4,-118.4649124146,34.0923309326,7.2016314675
539,5,-118.4342193604,34.0517959595,5.320497985
539,6,-118.4100112915,34.0311813354,3.198376482
540,1,-118.4781341553,34.0285148621,6.2846810359
540,2,-118.4100112915,34.0311813354,6.2846810359
541,1,-84.3874511719,33.7407951355,3126.0460704024
541,2,-84.3537445068,33.8203659058,9.3802706797
541,3,-84.3232727051,33.82970047,3.0000837596
541,4,-84.2835006714,33.8612213135,5.0769969729
541,5,-84.2633895874,33.8883628845,3.5433818714
541,6,-84.1421432495,33.9410057068,12.6270491211
541,7,-84.093963623,33.9732055664,5.706653795
541,8,-84.087020874,33.9993858337,2.9806594285
541,9,-84.0714187622,34.0190429688,2.6164477461
541,10,-84.0293579102,34.0423545837,4.6628622274
541,11,-83.9259567261,34.0822982788,10.5096688197
541,12,-83.8368148804,34.0980224609,8.3929302075
541,13,-83.7693405151,34.1261634827,6.9555065761
541,14,-83.6839523315,34.1407318115,8.02431599
541,15,-83.653175354,34.1594429016,3.5142362766
541,16,-83.472076416,34.2591362,20.0054664199
541,17,-83.4069366455,34.3083534241,8.1097402438
541,18,-83.1345443726,34.440120697,28.9765175321
541,19,-83.0324249268,34.480682373,10.3922735943
541,20,-83.0033416748,34.4922142029,2.9579685379
541,21,-82.858581543,34.5144882202,13.4943285943
541,22,-82.804901123,34.5421524048,5.8003957581
541,23,-82.7144012451,34.5715560913,8.9092449682
541,24,-82.6835708618,34.5840873718,3.1478181102
541,25,-82.6274719238,34.6094436646,5.8580099124
541,26,-82.5104598999,34.6869926453,13.7450607475
541,27,-82.4504318237,34.7863998413,12.3397419582
541,28,-82.3783340454,34.7901573181,6.5972562943
541,29,-82.3375473022,34.8114204407,4.4112487133
541,30,-82.2966995239,34.8313064575,4.3350968938
541,31,-82.2466049194,34.8613510132,5.6620745984
541,32,-82.1233596802,34.9031639099,12.165486537
541,33,-82.0760192871,34.9358062744,5.6395573874
541,34,-82.0089569092,34.9664955139,7.0001659076
542,1,-85.2122497559,35.0164871216,291.8444537845
542,2,-85.2167282104,35.006652832,1.167110315
542,3,-85.2106170654,34.9898071289,1.9541172659
542,4,-85.1667556763,34.924446106,8.2945146579
542,5,-85.1465759277,34.8998680115,3.2946726539
542,6,-85.0798950195,34.8845863342,6.3145840902
542,7,-85.0508270264,34.877658844,2.7611404478
542,8,-85.0325927734,34.8647994995,2.193577853
542,9,-85.0177078247,34.817237854,5.4602906424
542,10,-84.9996948242,34.7902641296,3.4206607552
542,11,-84.9971084595,34.7762756348,1.5732817226
542,12,-85.0160064697,34.7222557068,6.2499659119
542,13,-85.0121459961,34.6714820862,5.6567895615
542,14,-84.9447250366,34.562461853,13.6022020303
542,15,-84.9247055054,34.5464782715,2.5534275161
542,16,-84.9155273438,34.5250320435,2.5285666352
542,17,-84.9188461304,34.4279937744,10.7944508264
542,18,-84.9080963135,34.3815879822,5.2534892714
542,19,-84.8578491211,34.3181838989,8.4251985398
542,20,-84.7768478394,34.2510185242,10.5432773944
542,21,-84.7411575317,34.2224502563,4.5667738128
542,22,-84.6867446899,34.1227340698,12.165545998
542,23,-84.6691970825,34.1079711914,2.3031063588
542,24,-84.6144485474,34.0933265686,5.2974829187
542,25,-84.5849838257,34.0644645691,4.2028180641
542,26,-84.5568466187,34.0105133057,6.5353847242
542,27,-84.5288543701,33.987033844,3.6708612076
542,28,-84.4579544067,33.8914871216,12.4761760362
542,29,-84.4419784546,33.8638839722,3.4052885615
542,30,-84.4264831543,33.8248786926,4.5671755092
542,31,-84.404800415,33.8034057617,3.1166898206
542,32,-84.3928451538,33.7974891663,1.2857426175
542,33,-84.3874511719,33.7407951355,6.3237746051
543,1,-118.4100112915,34.0311813354,3126.0460704024
543,2,-118.3530883789,33.978225708,7.8870553697
543,3,-118.3455810547,33.9596633911,2.177048671
543,4,-118.3457641602,33.9060134888,5.9656208734
543,5,-118.3383102417,33.8906402588,1.8426671485
543,6,-118.3073959351,33.8618965149,4.2849258143
543,7,-118.2751541138,33.8517990112,3.1818873139
543,8,-118.1998291016,33.8080444336,8.4900225284
543,9,-118.1771011353,33.803730011,2.1540507583
543,10,-118.1306610107,33.8023757935,4.293614137
543,11,-118.0746307373,33.7869949341,5.4527483054
543,12,-117.9993515015,33.7767562866,7.0499025674
543,13,-117.9825592041,33.7591667175,2.4969554492
543,14,-117.916595459,33.6919517517,9.6475567045
543,15,-117.8729629517,33.6886520386,4.0534986145
543,16,-117.733581543,33.6536941528,13.4713687472
544,1,-86.7488555908,33.5478057861,2858.7811806547
544,2,-86.7114257813,33.5933036804,6.1335569305
544,3,-86.6591415405,33.6056900024,5.0344764711
544,4,-86.6292572021,33.6540641785,6.0488489068
544,5,-86.5763320923,33.6677436829,5.1290219049
544,6,-86.5405349731,33.7091598511,5.6725530087
544,7,-86.5230865479,33.7178192139,1.8792963682
544,8,-86.4912796021,33.7265319824,3.0971010373
544,9,-86.4667205811,33.7618026733,4.5318692247
544,10,-86.3742218018,33.7948226929,9.3042652533
544,11,-86.2813568115,33.8610076904,11.3023926414
544,12,-86.1260299683,33.9729995728,18.9869120715
544,13,-86.0822677612,34.022693634,6.8417344133
544,14,-86.0726928711,34.0387763977,1.9941458595
544,15,-85.9844589233,34.1138916016,11.653463654
544,16,-85.9937820435,34.1405754089,3.0887125424
544,17,-85.9926834106,34.1528129578,1.3645040396
544,18,-85.7509460449,34.4426727295,39.1400185519
544,19,-85.7126312256,34.485080719,5.8800573507
544,20,-85.7008285522,34.4983482361,1.8293449452
544,21,-85.7023544312,34.5124816895,1.5777758683
544,22,-85.7047119141,34.5335388184,2.3513857491
544,23,-85.6534881592,34.6086235046,9.5761762762
544,24,-85.5877990723,34.7057151794,12.3553758142
544,25,-85.5646972656,34.7665710449,7.0884961293
544,26,-85.5645065308,34.770275116,0.4122422308
544,27,-85.5618896484,34.8208427429,5.627938683
544,28,-85.5358505249,34.8721122742,6.1763144198
544,29,-85.4852600098,34.9418144226,9.019598431
544,30,-85.4547195435,34.9705238342,4.2352936847
545,1,-86.7488555908,33.5478057861,197.9151425967
545,2,-86.7827758789,33.5549736023,3.2428244451
545,3,-86.81615448,33.545753479,3.2586700787
546,1,-86.786895752,36.124835968,286.7933156631
546,2,-86.7618255615,36.0934066772,4.1576037326
546,3,-86.8206634521,35.9277496338,19.1654013191
546,4,-86.8256912231,35.8334617615,10.4941138547
546,5,-86.8523101807,35.7859230042,5.8055398623
546,6,-86.8663253784,35.7581062317,3.3415463631
546,7,-86.9076385498,35.5942611694,18.5969850554
546,8,-86.8874206543,35.4412574768,17.1113535186
546,9,-86.9217910767,35.275806427,18.6594788204
546,10,-86.8945846558,35.2001533508,8.7676116803
546,11,-86.8969650269,35.1286087036,7.9583439541
546,12,-86.8717269897,35.0271835327,11.5094303872
546,13,-86.8774414063,35.0077819824,2.2192299097
546,14,-86.8812637329,34.9994697571,0.9876701218
546,15,-86.9156570435,34.9246406555,8.8913314308
546,16,-86.9283218384,34.8640289307,6.8379789738
546,17,-86.9458847046,34.8407669067,3.0428500672
546,18,-86.9436340332,34.8239059448,1.8860736725
546,19,-86.9394607544,34.7820472717,4.6700428957
546,20,-86.9361724854,34.7283363342,5.9799341276
546,21,-86.9010848999,34.6571350098,8.5424388396
546,22,-86.8985595703,34.6325416565,2.7443964719
546,23,-86.9281463623,34.5327682495,11.4201551099
546,24,-86.9246520996,34.5036087036,3.2581598218
546,25,-86.9108123779,34.4837608337,2.5454826368
546,26,-86.9155578613,34.4084205627,8.3887498205
546,27,-86.8873291016,34.3532485962,6.6593677998
546,28,-86.8888397217,34.3414611816,1.3180173003
546,29,-86.9095916748,34.320110321,3.0442471247
546,30,-86.9178161621,34.308391571,1.5061682766
546,31,-86.9131851196,34.280128479,3.1713766283
546,32,-86.8858795166,34.2145690918,7.7098220283
546,33,-86.8766479492,34.1752624512,4.4524038022
546,34,-86.8694992065,34.091835022,9.3000113552
546,35,-86.8759231567,34.0333023071,6.5353865693
546,36,-86.8633499146,33.9952735901,4.3845219507
546,37,-86.8787841797,33.9478988647,5.4567159637
546,38,-86.8530578613,33.8891601563,6.9494561039
546,39,-86.8211364746,33.7714920044,13.412216023
546,40,-86.8221206665,33.72605896,5.0527434733
546,41,-86.8247299194,33.6664924622,6.6278895663
546,42,-86.805519104,33.6151008606,5.9848177841
546,43,-86.81615448,33.545753479,7.7737634663
547,1,-84.3874511719,33.7407951355,225.8635685048
547,2,-84.4070892334,33.7459640503,1.9045752292
547,3,-84.4949951172,33.7653312683,8.4073142244
547,4,-84.5939407349,33.774181366,9.1987191429
547,5,-84.8223724365,33.7024803162,22.5771608991
547,6,-84.9292602539,33.7061538696,9.8960300971
547,7,-85.0427932739,33.7012405396,10.5165831322
547,8,-85.1380310059,33.6870117188,8.9518840647
547,9,-85.2671051025,33.6834602356,11.9491038836
547,10,-85.3371124268,33.6647529602,6.8040389877
547,11,-85.4285202026,33.6420135498,8.8303838564
547,12,-85.5358505249,33.6401939392,9.9378901344
547,13,-85.6469192505,33.6207389832,10.5082580218
547,14,-85.7279205322,33.6212692261,7.5004684556
547,15,-85.7808532715,33.6106796265,5.0409970445
547,16,-85.8238296509,33.6116294861,3.9812131518
547,17,-85.8783569336,33.5901031494,5.5886257436
547,18,-85.9529266357,33.5878448486,6.9118392698
547,19,-85.9922866821,33.5708427429,4.1072418748
547,20,-86.0758590698,33.5756721497,7.7611912705
547,21,-86.1287918091,33.5881919861,5.0972695439
547,22,-86.1702957153,33.5848312378,3.8626718657
547,23,-86.2142715454,33.6011352539,4.4584577794
547,24,-86.2494812012,33.61668396,3.6906831128
547,25,-86.2854919434,33.6126976013,3.3639566775
547,26,-86.3365631104,33.6045608521,4.8153284064
547,27,-86.4158554077,33.6080474854,7.3534745246
547,28,-86.4919281006,33.5800552368,7.702954769
547,29,-86.5281066895,33.5709838867,3.5001818696
547,30,-86.5568847656,33.5680770874,2.6857893435
547,31,-86.5811004639,33.5541381836,2.7270642956
547,32,-86.5956726074,33.5476760864,1.5296639872
547,33,-86.6268386841,33.5543708801,2.9825315458
547,34,-86.6594543457,33.5515480042,3.0386546345
547,35,-86.7210998535,33.5380401611,5.9071957141
547,36,-86.7488555908,33.5478057861,2.7921495401
548,1,-81.1035232544,34.0335006714,524.4121577731
548,2,-81.1569137573,34.0079803467,5.6802211762
548,3,-81.1941223145,33.977142334,4.8503234992
548,4,-81.2198028564,33.9545974731,3.4486648958
548,5,-81.3296813965,33.9038314819,11.6032431069
548,6,-81.4497375488,33.8123588562,15.0449376335
548,7,-81.5923080444,33.7022399902,17.990298211
548,8,-81.677482605,33.6587333679,9.2475370627
548,9,-81.7288360596,33.6361427307,5.3764621992
548,10,-81.8193435669,33.6147346497,8.7115704079
548,11,-81.9332427979,33.5601119995,12.1738896713
548,12,-82.0086746216,33.5296173096,7.7696736878
548,13,-82.1000442505,33.4925842285,9.4189096204
548,14,-82.3204879761,33.4997177124,20.4566850003
548,15,-82.4779052734,33.5150909424,14.6948571098
548,16,-82.51197052,33.5125312805,3.1709570065
548,17,-82.6932449341,33.4824905396,17.1376429306
548,18,-82.8390426636,33.5099258423,13.859437587
548,19,-82.8891601563,33.5246086121,4.9246679331
548,20,-82.9653167725,33.5281295776,7.0702327519
548,21,-83.0458831787,33.5455932617,7.7156100443
548,22,-83.291633606,33.531539917,22.83031091
548,23,-83.3639602661,33.5476531982,6.9386591858
548,24,-83.474105835,33.5580329895,10.2719335343
548,25,-83.6997451782,33.6083488464,21.6378593364
548,26,-83.8275985718,33.6169128418,11.8778476892
548,27,-83.8964614868,33.603679657,6.5446512815
548,28,-83.9847640991,33.6261482239,8.5500424955
548,29,-84.0875549316,33.6817207336,11.3447945448
548,30,-84.1284637451,33.6930084229,3.9876726655
548,31,-84.2424163818,33.7061653137,10.6427355474
548,32,-84.3087234497,33.7064361572,6.133629613
548,33,-84.3256225586,33.732208252,3.2642394878
548,34,-84.3424987793,33.737487793,1.6673380537
548,35,-84.3874511719,33.7407951355,4.1728459637
549,1,-111.6508636475,35.1772193909,2496.904936146
549,2,-111.666053772,35.144618988,3.8791023152
549,3,-111.66822052,35.0127944946,14.6595408878
549,4,-111.6595153809,34.9720954895,4.5944731486
549,5,-111.6269607544,34.9392051697,4.7093154397
549,6,-111.6247558594,34.8910903931,5.3538950158
549,7,-111.6012649536,34.8593559265,4.1284375767
549,8,-111.6119003296,34.8259506226,3.8392126902
549,9,-111.6024932861,34.7961730957,3.4206753453
549,10,-111.6077651978,34.7865180969,1.1765842086
549,11,-111.6769638062,34.7640571594,6.7958315843
549,12,-111.7217254639,34.7316856384,5.4481279281
549,13,-111.7406997681,34.6989860535,4.0284503884
549,14,-111.8155975342,34.651802063,8.6276654177
549,15,-111.878692627,34.5903434753,8.9462676049
549,16,-111.9241409302,34.5514526367,6.0014335803
549,17,-111.9653091431,34.5476570129,3.7939043847
549,18,-111.9981689453,34.5313491821,3.5138481935
549,19,-112.0631484985,34.4246292114,13.2776294195
549,20,-112.1140518188,34.3737220764,7.3385755741
549,21,-112.1197509766,34.3496017456,2.7325995865
549,22,-112.1256408691,34.288520813,6.8133950083
549,23,-112.1037902832,34.2568244934,4.056249415
549,24,-112.1144943237,34.2047042847,5.8784545788
549,25,-112.1332702637,34.1741905212,3.8071990557
549,26,-112.122543335,34.1285514832,5.1699370003
549,27,-112.1310806274,34.1060371399,2.6239447523
549,28,-112.1290512085,34.0692558289,4.0941628968
549,29,-112.1483078003,34.0105209351,6.7677543677
549,30,-112.1301345825,33.9582557678,6.0483538723
549,31,-112.1475067139,33.8945579529,7.2619675157
549,32,-112.1103897095,33.6853866577,23.5103475699
549,33,-112.1093673706,33.5762023926,12.1411053089
549,34,-112.0977783203,33.5619544983,1.9138620239
549,35,-112.0943908691,33.4760322571,9.5592767246
550,1,-112.0943908691,33.4760322571,0
550,2,-112.0933303833,33.4492073059,2.9844202715
551,1,-117.2828063965,34.071685791,484.6475500719
551,2,-117.1729660034,34.051448822,10.3654680219
551,3,-117.1097259521,34.0228919983,6.6362233387
551,4,-117.03490448,34.0029373169,7.244515019
551,5,-116.9800720215,33.9479370117,7.9351998986
551,6,-116.9263763428,33.9356384277,5.1386262851
551,7,-116.8211898804,33.9414367676,9.7249962679
551,8,-116.7758331299,33.9290809631,4.4041676463
551,9,-116.6728363037,33.9392929077,9.5696961574
551,10,-116.5776824951,33.9276199341,8.8740359307
551,11,-116.5185546875,33.9119300842,5.7279818017
551,12,-116.4931945801,33.8981819153,2.7954600186
551,13,-116.399055481,33.836353302,11.0820635497
551,14,-116.322052002,33.7904586792,8.7552049383
551,15,-116.2609176636,33.7696228027,6.10676667
551,16,-116.2207107544,33.7579917908,3.9353271735
551,17,-116.1680984497,33.7194252014,6.4852072564
551,18,-116.0844421387,33.6974182129,8.1159109123
551,19,-116.0578918457,33.7026634216,2.5244410886
551,20,-116.0034942627,33.6835594177,5.4626293299
551,21,-115.7732086182,33.6599617004,21.4714423372
551,22,-115.5853729248,33.6750946045,17.4643231105
551,23,-115.3809585571,33.7142448425,19.4059422078
551,24,-115.3472976685,33.7133140564,3.1151580143
551,25,-115.2477645874,33.6959266663,9.4080208237
551,26,-114.9624938965,33.6075401306,28.1746803178
551,27,-114.6541595459,33.6112251282,28.5567061499
551,28,-114.5681610107,33.6103515625,7.9644889078
551,29,-114.539894104,33.6127548218,2.6312396641
551,30,-114.528465271,33.6154975891,1.1013939873
551,31,-114.412071228,33.6433448792,11.2123916911
551,32,-114.3823547363,33.6579360962,3.1934835175
551,33,-114.2449493408,33.6662559509,12.7504569528
551,34,-114.2171401978,33.6634178162,2.5929273471
551,35,-114.1989059448,33.6628723145,1.6886469662
551,36,-114.1600189209,33.6769218445,3.9231308782
551,37,-114.0766830444,33.6851577759,7.7652171567
551,38,-114.025352478,33.6705818176,5.0186832882
551,39,-112.9306259155,33.5260429382,102.6572379099
551,40,-112.5922470093,33.4415168762,32.7589274654
551,41,-112.500869751,33.478477478,9.4205242248
551,42,-112.0943908691,33.4760322571,37.701152825
552,1,-86.8123016357,33.4168815613,2339.855459989
552,2,-86.8235855103,33.4248771667,1.3737387411
552,3,-86.8334274292,33.4592285156,3.9273392547
552,4,-86.8304214478,33.5151443481,6.2238031018
552,5,-86.81615448,33.545753479,3.6514599413
553,1,-79.8467025757,34.198638916,647.3941998367
553,2,-79.8812103271,34.1523208618,6.050073763
553,3,-79.9312286377,34.0864601135,8.6505915286
553,4,-79.9966812134,34.0233001709,9.2564724334
553,5,-80.0890808105,33.8973464966,16.3942889202
553,6,-80.2131195068,33.7325897217,21.6088556865
553,7,-80.2713928223,33.6615257263,9.5657579562
553,8,-80.2883911133,33.6337432861,3.4668897299
553,9,-80.4573822021,33.4881057739,22.5263830007
553,10,-80.474822998,33.4602851868,3.4909334825
553,11,-80.5025482178,33.4069404602,6.4655793388
553,12,-80.5150299072,33.3823165894,2.9731521733
553,13,-80.5508728027,33.3198204041,7.7055667635
554,1,-80.5508728027,33.3198204041,0
554,2,-80.7328338623,33.455745697,22.6681516896
554,3,-80.8240127563,33.5461044312,13.1311551818
554,4,-80.9174041748,33.7132225037,20.4958528837
554,5,-80.9387054443,33.7407913208,3.6439038559
554,6,-80.9620742798,33.755153656,2.6867739494
554,7,-80.9843292236,33.7681503296,2.5141611273
554,8,-81.0034942627,33.797996521,3.7618217076
554,9,-81.0387649536,33.8740730286,9.064911499
554,10,-81.0518417358,33.9003257751,3.1588930516
554,11,-81.07762146,33.9237289429,3.5258288409
554,12,-81.1082687378,33.9770851135,6.5719756111
554,13,-81.105255127,33.9993896484,2.4956660067
554,14,-81.0939788818,34.0245018005,2.9795027783
554,15,-81.1035232544,34.0335006714,1.3322379306
555,1,-84.923789978,33.0745353699,369.6912225166
555,2,-84.904083252,33.0927009583,2.7296647562
555,3,-84.8634643555,33.1632461548,8.7085849271
555,4,-84.8120727539,33.2114448547,7.1829491124
555,5,-84.8012161255,33.2406044006,3.3960122628
555,6,-84.794670105,33.286441803,5.1330963045
555,7,-84.7720108032,33.3206443787,4.3472318738
555,8,-84.7601089478,33.3329811096,1.7619747088
555,9,-84.7456741333,33.385509491,5.9927675753
555,10,-84.7293930054,33.4075889587,2.8830750193
555,11,-84.6784210205,33.4483947754,6.5546347895
555,12,-84.6182022095,33.5200576782,9.7307298742
555,13,-84.5102844238,33.5798950195,12.0119092099
555,14,-84.4808883667,33.6156463623,4.8183279268
555,15,-84.4470901489,33.6133155823,3.1404632959
555,16,-84.4097747803,33.6857719421,8.7659603761
555,17,-84.3874511719,33.7407951355,6.4573263023
556,1,-83.8202819824,32.9573135376,101.8086474584
556,2,-83.8502426147,32.9995880127,5.4687228639
556,3,-83.9484024048,33.0577354431,11.2047379579
556,4,-83.9990463257,33.1056289673,7.1151293175
556,5,-84.0504837036,33.1785240173,9.4146467397
556,6,-84.0840377808,33.2543067932,8.9862033775
556,7,-84.1468734741,33.3731918335,14.4514811968
556,8,-84.1718826294,33.4401359558,7.7974323278
556,9,-84.1997756958,33.4778213501,4.9249587427
556,10,-84.2886810303,33.5523986816,11.6919426466
556,11,-84.3722076416,33.5966072083,9.1676093144
556,12,-84.3945465088,33.6112365723,2.6317968695
556,13,-84.3934631348,33.6313095093,2.2342618321
556,14,-84.3949432373,33.6576576233,2.9329785301
556,15,-84.3874511719,33.7407951355,9.2704148579
557,1,-112.0933303833,33.4492073059,2558.5990429953
557,2,-112.0290374756,33.4377212524,6.1005696032
557,3,-111.9710540771,33.417842865,5.8172268882
557,4,-111.9716720581,33.3031234741,12.7563433669
557,5,-111.8391799927,33.133026123,22.5753027038
557,6,-111.752532959,33.0217666626,14.7726456285
557,7,-111.6913299561,32.9444389343,10.3209427429
557,8,-111.6867599487,32.8903503418,6.0294859704
557,9,-111.6884765625,32.8283653259,6.8942840321
558,1,-80.5508728027,33.3198204041,2890.9756371961
558,2,-80.5138397217,33.2840461731,5.2601331558
558,3,-80.4097061157,33.2112045288,12.6245165791
558,4,-80.3502426147,33.1595230103,7.9778459492
558,5,-80.2064437866,33.085231781,15.7344225439
558,6,-80.142288208,33.0375404358,7.9917009705
558,7,-80.0743713379,32.9747886658,9.4232424642
558,8,-80.0060043335,32.8687362671,13.4083344987
558,9,-79.9634246826,32.8395881653,5.1307130987
558,10,-79.9421691895,32.7945022583,5.3924770533
559,1,-117.733581543,33.6536941528,3496.8287564406
559,2,-117.664680481,33.594078064,9.2001743541
559,3,-117.6630554199,33.5322303772,6.8787971461
559,4,-117.655166626,33.5113487244,2.4343725466
559,5,-117.648399353,33.4918289185,2.2593829632
559,6,-117.6543045044,33.4735984802,2.0998081383
559,7,-117.596244812,33.4370689392,6.7461994711
559,8,-117.5706710815,33.3994407654,4.8104084689
559,9,-117.5039520264,33.3692703247,7.0447855238
559,10,-117.4756164551,33.3179779053,6.2815186333
559,11,-117.3608398438,33.20054245,16.8644454961
559,12,-117.3410186768,33.1814918518,2.8087788949
559,13,-117.3305511475,33.1701431274,1.594216728
559,14,-117.3046646118,33.1379051208,4.3194291003
559,15,-117.2527694702,33.016960144,14.2912970005
559,16,-117.2190246582,32.8850097656,15.0062591278
559,17,-117.2271347046,32.8558578491,3.3288583883
559,18,-117.2303543091,32.8353614807,2.2988528953
559,19,-117.2024078369,32.7930679321,5.3793397339
559,20,-117.2001419067,32.7589187622,3.8031192951
560,1,-117.1014556885,32.7754440308,9.4084663926
560,2,-117.0981674194,32.7613296509,1.5992787798
560,3,-117.093208313,32.7217140198,4.4294078946
561,1,-115.4991989136,32.7760734558,149.1935243709
561,2,-115.4982910156,32.7325973511,4.8350677545
561,3,-115.4954833984,32.7265739441,0.7194217053
561,4,-115.4966888428,32.6848144531,4.6448131356
561,5,-115.4842376709,32.6651420593,2.478546681
562,1,-115.4991989136,32.7760734558,12.4141607109
562,2,-115.3334350586,32.7819595337,15.5108764921
562,3,-115.2730178833,32.7755966187,5.692484517
562,4,-115.2568664551,32.7657852173,1.862979342
562,5,-115.0883102417,32.7207183838,16.5417625443
562,6,-114.9209976196,32.7182388306,15.6547401267
562,7,-114.8260498047,32.761100769,10.0785889811
562,8,-114.7337036133,32.7474594116,8.767937126
562,9,-114.6842803955,32.7592163086,4.8031812632
562,10,-114.6537475586,32.7585906982,2.8559705494
562,11,-114.6208114624,32.7292137146,4.48989664
562,12,-114.5914993286,32.7081108093,3.6091502018
562,13,-114.5623855591,32.6964187622,3.0184896446
562,14,-114.4970169067,32.6958274841,6.1172767895
562,15,-114.410774231,32.6835632324,8.1852108377
562,16,-114.3558578491,32.6611022949,5.7148498098
562,17,-114.32396698,32.6748924255,3.3559548833
562,18,-114.1592788696,32.6574440002,15.5375992372
562,19,-113.7523117065,32.7212219238,38.7397933948
562,20,-113.7256240845,32.7405776978,3.2960526271
562,21,-113.5768127441,32.800907135,15.4462516963
562,22,-113.5480422974,32.8230285645,3.6441424204
562,23,-113.4768981934,32.8404350281,6.9232873633
562,24,-113.4071044922,32.8431549072,6.527331618
562,25,-113.2538452148,32.8690376282,14.6020342236
562,26,-113.1884765625,32.8732833862,6.1231272029
562,27,-113.0709228516,32.9044303894,11.5098085368
562,28,-112.8834838867,32.9401283264,17.9398263575
562,29,-112.7436981201,32.9566459656,13.172147206
562,30,-112.6904602051,32.930606842,5.75010238
562,31,-112.5929489136,32.9150428772,9.2645285015
562,32,-112.5263519287,32.9175758362,6.2228242493
562,33,-112.3866424561,32.8726119995,13.9695641319
562,34,-112.2786636353,32.8516235352,10.3518777012
562,35,-112.116027832,32.8416099548,15.2338081562
562,36,-111.7472229004,32.8374404907,34.4587637104
562,37,-111.6884765625,32.8283653259,5.5807872238
563,1,-117.1014556885,32.7754440308,505.9016178668
563,2,-117.0425491333,32.7791252136,5.5224009464
563,3,-117.013092041,32.7932472229,3.1699552243
563,4,-116.961265564,32.797794342,4.8706109718
563,5,-116.9301528931,32.8082542419,3.1318782968
563,6,-116.8766021729,32.8592033386,7.558341908
563,7,-116.8438186646,32.868724823,3.239836192
563,8,-116.8159713745,32.8686828613,2.6007864061
563,9,-116.7832565308,32.8499565125,3.6977317893
563,10,-116.7641448975,32.8508300781,1.7879294855
563,11,-116.7145233154,32.8338699341,5.0046771557
563,12,-116.6435012817,32.8468742371,6.7909197227
563,13,-116.6113357544,32.8385734558,3.1435220858
563,14,-116.583404541,32.8553199768,3.2055825327
563,15,-116.5631942749,32.8570671082,1.8977627801
563,16,-116.5326843262,32.8455619812,3.1239787934
563,17,-116.4877319336,32.7898178101,7.487792872
563,18,-116.4662857056,32.733253479,6.6016238907
563,19,-116.3345565796,32.7093315125,12.6069965417
563,20,-116.2786178589,32.688041687,5.7448001467
563,21,-116.1824035645,32.6659851074,9.3332617953
563,22,-116.1271209717,32.6405220032,5.8994434394
563,23,-116.1047210693,32.6471786499,2.2240966107
563,24,-116.0947570801,32.6612205505,1.8188174558
563,25,-116.1015777588,32.684047699,2.6173187635
563,26,-116.073059082,32.700214386,3.217752297
563,27,-116.0619506836,32.7178840637,2.2227358123
563,28,-115.9940338135,32.7437210083,6.9723140565
563,29,-115.9638519287,32.7584762573,3.2647712148
563,30,-115.9398193359,32.7614440918,2.2713606824
563,31,-115.8032455444,32.7760276794,12.8721470272
563,32,-115.5501174927,32.7771835327,23.6656212304
563,33,-115.4991989136,32.7760734558,4.7620443619
564,1,-117.093208313,32.7217140198,149.1935243709
564,2,-117.0871887207,32.6966743469,2.8406761899
564,3,-117.021232605,32.623374939,10.2251699894
564,4,-117.0358963013,32.5432052612,9.0197128648
565,1,-117.2001419067,32.7589187622,28.4920451838
565,2,-117.174987793,32.7289047241,4.0832355712
565,3,-117.1504364014,32.7193756104,2.5293349009
565,4,-117.1313476563,32.7121124268,1.9599824662
565,5,-117.1095199585,32.6916427612,3.0581341153
565,6,-117.0925979614,32.6643333435,3.424881577
565,7,-117.0794448853,32.5878257751,8.5959658613
565,8,-117.066368103,32.5664215088,2.6769340199
565,9,-117.0358963013,32.5432052612,3.8497557046
566,1,-84.9258651733,32.3959083557,3000.760832487
566,2,-84.9175415039,32.4195365906,2.7410767385
566,3,-84.9189910889,32.4518661499,3.5974561297
566,4,-84.9496765137,32.5080108643,6.8745924236
566,5,-84.958190918,32.5222358704,1.7718061687
566,6,-84.982749939,32.6101074219,10.0382605761
566,7,-84.9909439087,32.818611145,23.1972265825
566,8,-84.9885559082,32.8501739502,3.5167084503
566,9,-84.9499740601,32.9238929749,8.9539042789
566,10,-84.9446105957,32.9605941772,4.1115643257
566,11,-84.923789978,33.0745353699,12.8175403239
567,1,-86.3180389404,32.3751831055,151.8470020526
567,2,-86.3210906982,32.4076347351,3.6198155886
567,3,-86.3294372559,32.4302024841,2.6288746619
567,4,-86.3813018799,32.4936180115,8.5674425841
567,5,-86.4682617188,32.5657348633,11.4353681597
567,6,-86.5088806152,32.6155357361,6.7191045023
567,7,-86.5899047852,32.8113212585,23.0523586257
567,8,-86.6037826538,32.8649597168,6.1036251305
567,9,-86.6215209961,32.8877372742,3.0263632304
567,10,-86.6470565796,32.9074935913,3.241896164
567,11,-86.734703064,33.0589904785,18.7245657227
567,12,-86.7368774414,33.1214637756,6.9496664713
567,13,-86.751991272,33.143699646,2.8449814247
567,14,-86.7809143066,33.1634979248,3.477962882
567,15,-86.8092651367,33.2165298462,6.4601208518
567,16,-86.8086853027,33.2333641052,1.8726610472
567,17,-86.8037109375,33.2664794922,3.7112036354
567,18,-86.8035736084,33.3024368286,3.998293764
567,19,-86.7967224121,33.326385498,2.7380115811
567,20,-86.8051147461,33.3698348999,4.8938372457
567,21,-86.7995986938,33.3865394592,1.9267856302
567,22,-86.8123016357,33.4168815613,3.5740222986
568,1,-84.923789978,33.0745353699,179.6981471643
568,2,-85.0152511597,33.0040054321,11.5840410206
568,3,-85.0857849121,32.959400177,8.239194446
568,4,-85.1312561035,32.9008255005,7.773789976
568,5,-85.1768569946,32.8579864502,6.3893960939
568,6,-85.1786804199,32.8562774658,0.2551871052
568,7,-85.2093734741,32.8468704224,3.0519655211
568,8,-85.2211914063,32.8346672058,1.7493599616
568,9,-85.3276367188,32.6817855835,19.6993866974
568,10,-85.3483810425,32.650177002,4.0154558298
568,11,-85.370552063,32.6332359314,2.8032232753
568,12,-85.4484100342,32.6032295227,8.0190704285
568,13,-85.5153427124,32.559967041,7.9038467091
568,14,-85.6267242432,32.4981689453,12.5002522959
568,15,-85.6975402832,32.4727592468,7.2182191702
568,16,-85.7350769043,32.4612388611,3.7472651878
568,17,-85.8344802856,32.4521636963,9.3810512199
568,18,-85.9334564209,32.4270477295,9.699069577
568,19,-86.0167007446,32.386806488,9.0051767445
568,20,-86.0567550659,32.3771057129,3.9128697761
568,21,-86.1323165894,32.3752746582,7.0988827545
568,22,-86.2050933838,32.3619155884,6.9945793666
568,23,-86.2894363403,32.3707237244,7.9818078917
568,24,-86.3180389404,32.3751831055,2.7315428737
569,1,-106.6144638062,35.1134109497,1897.7476866718
569,2,-106.6221618652,35.0826835632,3.4877668371
569,3,-106.6431121826,35.004535675,8.8964942241
569,4,-106.6638183594,34.9881439209,2.622899659
569,5,-106.6895828247,34.9900169373,2.356306016
569,6,-106.6915740967,34.9609870911,3.2330663075
569,7,-106.7549514771,34.8273124695,15.9482796956
569,8,-106.7847366333,34.7070426941,13.6473330725
569,9,-106.7885971069,34.6698570251,4.1498956783
569,10,-106.7801132202,34.6537971497,1.9470697747
569,11,-106.794090271,34.5754585266,8.804264195
569,12,-106.8425979614,34.4173202515,18.1373777581
569,13,-106.9215774536,34.2146835327,23.6709146535
569,14,-106.9206771851,34.1860313416,3.1870539177
569,15,-106.8916778564,34.0877685547,11.2475773014
569,16,-106.8846664429,34.0599098206,3.1643467481
569,17,-106.8995285034,34.022895813,4.3376011295
569,18,-106.8939056396,34.0055198669,2.0004162668
569,19,-106.8788223267,33.9283981323,8.6876257891
569,20,-106.953742981,33.7946853638,16.398733464
569,21,-107.1074295044,33.6558570862,20.9837124088
569,22,-107.1435623169,33.620967865,5.1224631028
569,23,-107.2101135254,33.5078392029,14.0093803569
569,24,-107.2828598022,33.3537940979,18.4112935571
569,25,-107.2879638672,33.3215637207,3.6150843393
569,26,-107.2617874146,33.2879486084,4.4597221176
569,27,-107.2587280273,33.252407074,3.9622603055
569,28,-107.2584609985,33.1650161743,9.7174564332
569,29,-107.2880935669,33.1386070251,4.0290868233
569,30,-107.2971420288,33.125541687,1.6794428844
569,31,-107.3073730469,33.1083946228,2.1314956709
569,32,-107.318901062,32.9528694153,17.3269739641
569,33,-107.3200683594,32.9237442017,3.2404075291
569,34,-107.3041610718,32.9007415771,2.9575679528
569,35,-107.2788238525,32.8598365784,5.1270239971
569,36,-107.2806396484,32.8266181946,3.6976089186
569,37,-107.256439209,32.7852630615,5.1246169209
569,38,-107.1838989258,32.7126197815,10.5484414249
569,39,-107.1565475464,32.6930541992,3.3590010668
569,40,-107.1402359009,32.6914176941,1.537250005
569,41,-107.0202026367,32.6752700806,11.3764027924
569,42,-106.9937438965,32.6656951904,2.6957618356
569,43,-106.9675750732,32.6451873779,3.3469379969
569,44,-106.8785095215,32.4922904968,18.9395354185
569,45,-106.7568435669,32.3532218933,19.2233378718
569,46,-106.6942672729,32.2275161743,15.1650584955
570,1,-111.6884765625,32.8283653259,472.9112215339
570,2,-111.519744873,32.7247161865,19.5366522758
570,3,-111.3696060181,32.6272621155,17.7454503737
570,4,-111.2682495117,32.5104103088,16.0946832489
570,5,-111.1584472656,32.431892395,13.5029662087
570,6,-111.0644607544,32.3475074768,12.8811216461
570,7,-110.9837722778,32.2450256348,13.6885165645
570,8,-110.9775085449,32.2328262329,1.4789127398
570,9,-110.9818267822,32.1885299683,4.9422462461
571,1,-109.9552383423,32.1832962036,96.6104955153
571,2,-109.8923339844,32.238861084,8.5555930586
571,3,-109.8113479614,32.3205986023,11.8562785127
571,4,-109.7504882813,32.3661308289,7.636887418
571,5,-109.6843566895,32.373840332,6.2697093453
571,6,-109.6387710571,32.3750190735,4.2830239212
571,7,-109.5772781372,32.3512001038,6.3539426926
571,8,-109.5077285767,32.3360366821,6.7477843345
571,9,-109.4827194214,32.3261222839,2.5955336825
571,10,-109.4539718628,32.3257865906,2.7014331893
571,11,-109.2754058838,32.2899017334,17.2496086829
571,12,-109.2515106201,32.2771987915,2.6534895095
571,13,-109.1864242554,32.2609214783,6.3815320895
571,14,-109.1615066528,32.2641487122,2.3702659427
571,15,-109.083442688,32.243724823,7.6841341459
571,16,-109.0481033325,32.2222251892,4.0943752914
571,17,-109.0362930298,32.2150344849,1.368833076
571,18,-108.9891662598,32.2200546265,4.4684193514
571,19,-108.9458236694,32.2400932312,4.6460323271
571,20,-108.7857589722,32.3278617859,17.9347950074
571,21,-108.6187667847,32.3146629333,15.7602000089
571,22,-108.3860626221,32.1805534363,26.4819791633
571,23,-108.3622817993,32.1749534607,2.3231482954
571,24,-108.2907180786,32.186832428,6.8633192833
571,25,-107.7424468994,32.2754974365,52.5043602211
571,26,-107.6110229492,32.2894554138,12.4518760438
571,27,-107.3745498657,32.2398109436,22.9095029422
571,28,-107.3445053101,32.2512245178,3.0974861945
571,29,-107.1705627441,32.2503662109,16.3578041198
571,30,-106.8872375488,32.2864494324,26.9391386256
571,31,-106.7647018433,32.2471656799,12.3214799024
571,32,-106.7249298096,32.2354316711,3.9615765037
571,33,-106.6942672729,32.2275161743,3.0154259327
572,1,-81.2646102905,32.0702819824,2388.5028880769
572,2,-81.2500762939,32.1091995239,4.5388729425
572,3,-81.2375869751,32.1412467957,3.7525638239
572,4,-81.1972198486,32.1922836304,6.8295828605
572,5,-81.1624526978,32.2218208313,4.6354179634
572,6,-81.1479415894,32.2297210693,1.6232444666
572,7,-81.0796356201,32.2668533325,7.6361873668
572,8,-81.0527038574,32.2798690796,2.9164708662
572,9,-81.0241775513,32.295627594,3.2032747956
572,10,-81.0071716309,32.3231239319,3.4499662812
572,11,-80.9579849243,32.4725532532,17.2455836533
572,12,-80.9590759277,32.5181045532,5.0661068603
572,13,-80.9259414673,32.5675773621,6.3173549568
572,14,-80.8891525269,32.5860939026,4.0152311676
572,15,-80.8829956055,32.6198501587,3.7975747237
572,16,-80.8669891357,32.6992263794,8.9525240263
572,17,-80.8250198364,32.7509994507,6.9681902264
572,18,-80.7801513672,32.7904777527,6.0719850002
572,19,-80.7383041382,32.8672523499,9.3897793884
572,20,-80.6103363037,33.1975708008,38.6184215997
572,21,-80.5752258301,33.2705612183,8.7484800678
572,22,-80.5508728027,33.3198204041,5.9266126258
573,1,-81.1044464111,32.0614776611,149.2025907927
573,2,-81.1487960815,32.0628585815,4.1820957432
573,3,-81.2646102905,32.0702819824,10.9443589395
574,1,-110.9818267822,32.1885299683,2789.3241375615
574,2,-110.9660263062,32.1847000122,1.5467085193
574,3,-110.922454834,32.1740570068,4.2680283988
574,4,-110.893196106,32.1503868103,3.8095780327
574,5,-110.8774337769,32.1246604919,3.2227144761
574,6,-110.6715545654,32.0084381104,23.3103701418
574,7,-110.6064605713,31.9957046509,6.2993240911
574,8,-110.5491867065,31.9951400757,5.4014822643
574,9,-110.4575119019,31.9744739532,8.946404414
574,10,-110.3500595093,31.975358963,10.1358633548
574,11,-110.3145828247,31.9858093262,3.5421419616
574,12,-110.2773895264,31.9903430939,3.5437754589
574,13,-110.2599411011,31.9800510406,2.0044449397
574,14,-110.1158828735,32.0289955139,14.6335141006
574,15,-110.0373687744,32.1004142761,10.8537703722
574,16,-109.9899749756,32.1605606079,8.0402410434
574,17,-109.9552383423,32.1832962036,4.1328654126
575,1,-109.9552383423,32.1832962036,9.49352979660034E-005
575,2,-109.8151855469,31.9159259796,32.5286838328
575,3,-109.7009506226,31.9159259796,10.7820637465
575,4,-109.6790771484,31.677740097,26.5656127845
575,5,-109.6474838257,31.5197601318,17.8195814329
575,6,-109.5794296265,31.4346923828,11.4509976471
575,7,-109.5745697021,31.3593482971,8.3905689317
575,8,-109.552696228,31.3423347473,2.809513699
576,1,-110.9405975342,31.3365154266,131.8120829849
576,2,-110.9549713135,31.3549861908,2.4660850685
576,3,-110.9547271729,31.3892345428,3.8083135294
576,4,-110.9638442993,31.4333610535,4.9823427793
576,5,-110.9985656738,31.4706344604,5.2939212217
576,6,-111.0589904785,31.5882148743,14.2736585109
576,7,-111.0562896729,31.6297969818,4.6307877803
576,8,-111.0725860596,31.7198505402,10.1315542244
576,9,-111.005821228,31.8278236389,13.5638542251
576,10,-110.9824295044,31.9067001343,9.0445697567
576,11,-110.9804382324,32.1762428284,29.9723677628
576,12,-110.9818267822,32.1885299683,1.3725027299
577,1,-106.6942672729,32.2275161743,403.3876590041
577,2,-106.6465682983,32.1544914246,9.2779962409
577,3,-106.5918426514,32.047996521,12.9150352609
577,4,-106.5829772949,32.001285553,5.2608342255
577,5,-106.572052002,31.9539966583,5.3583090142
577,6,-106.5723342896,31.9027996063,5.6929147736
577,7,-106.5518341064,31.8383197784,7.4265756019
577,8,-106.5356750488,31.8276290894,1.934805307
577,9,-106.5278778076,31.8095417023,2.1419116676
577,10,-106.487701416,31.7832565308,4.7916170178
577,11,-106.4596252441,31.7869796753,2.6858293516
577,12,-106.4315032959,31.7931690216,2.7455718889
577,13,-106.3880233765,31.7897109985,4.1273464719
577,14,-106.3586196899,31.7745628357,3.2498745527
577,15,-106.2480697632,31.68034935,14.8009082073
577,16,-106.110244751,31.5035266876,23.6008072052
577,17,-105.9814834595,31.4203624725,15.3188054071
577,18,-105.9209823608,31.3938522339,6.4542471434
577,19,-105.8743438721,31.3432559967,7.1595569361
577,20,-105.7919387817,31.2867336273,10.0390082399
577,21,-105.7857971191,31.245885849,4.5794224327
577,22,-105.7192687988,31.1921424866,8.7026163378
577,23,-105.6654205322,31.1729373932,5.5498759909
577,24,-105.6281585693,31.176202774,3.5635644582
577,25,-105.5776367188,31.1970462799,5.3355956451
577,26,-105.5354919434,31.1918334961,4.0504054318
577,27,-105.4832839966,31.2040271759,5.1475011194
577,28,-105.4152755737,31.1803741455,6.9831849374
577,29,-105.2985229492,31.1558151245,11.4390839776
577,30,-104.9869613647,31.0687103271,31.2020813017
577,31,-104.944732666,31.0513877869,4.4597988036
577,32,-104.9206542969,31.0510864258,2.2939839924
577,33,-104.8666534424,31.0328845978,5.5284976146
577,34,-104.8251571655,31.03606987,3.969522509
577,35,-104.5918579102,31.0500926971,22.2809421095
577,36,-104.4226379395,31.073431015,16.3259200825
577,37,-104.2743530273,31.0591144562,14.2130286217
577,38,-104.17943573,31.0631790161,9.0523025738
577,39,-104.1319122314,31.0640449524,4.527590304
577,40,-104.1123275757,31.0784893036,2.4614852184
577,41,-104.0682525635,31.0842227936,4.2454598829
577,42,-104.050819397,31.0990314484,2.3381736473
578,1,-88.114074707,30.6423625946,1520.5711192481
578,2,-88.1223373413,30.6561832428,1.728139942
578,3,-88.1338119507,30.6691246033,1.8097852861
578,4,-88.1271286011,30.7188739777,5.5686668381
578,5,-88.1133728027,30.7461280823,3.3034297602
578,6,-88.0960388184,30.7641925812,2.6035314957
578,7,-88.1100997925,30.8132762909,5.6207009421
578,8,-88.1090087891,30.8461685181,3.6589319981
578,9,-88.0475616455,30.887424469,7.4458880955
578,10,-88.0179672241,30.9030265808,3.3141723947
578,11,-87.856590271,30.9505596161,16.2751982582
578,12,-87.8260498047,30.9574146271,3.010396153
578,13,-87.6883010864,31.0072994232,14.2551051491
578,14,-87.4961853027,31.116859436,21.983442228
578,15,-87.4694519043,31.1249904633,2.7006345434
578,16,-87.4429626465,31.1336212158,2.6978006348
578,17,-87.3226470947,31.2043704987,13.8898490919
578,18,-87.3012619019,31.2258930206,3.140570541
578,19,-87.2055206299,31.2871189117,11.3653859566
578,20,-87.1795349121,31.3153133392,3.9905168913
578,21,-87.0588302612,31.374376297,13.2109560973
578,22,-87.0099563599,31.4290504456,7.6469884992
578,23,-86.9689941406,31.4692211151,5.920372292
578,24,-86.9256134033,31.5343914032,8.3323791682
578,25,-86.8391189575,31.583486557,9.8470840496
578,26,-86.7608642578,31.6551132202,10.87835172
578,27,-86.7433700562,31.6793212891,3.160222316
578,28,-86.7144775391,31.7525291443,8.586855535
578,29,-86.6921539307,31.7743434906,3.2152695718
578,30,-86.6790008545,31.8256092072,5.8344362081
578,31,-86.6391906738,31.8692932129,6.142834341
578,32,-86.6260223389,31.9214038849,5.9263004384
578,33,-86.5703277588,31.9683189392,7.4047268761
578,34,-86.4904327393,32.0666007996,13.272915236
578,35,-86.4655151367,32.1097412109,5.3405622715
578,36,-86.4307632446,32.1840209961,8.8839500911
578,37,-86.346786499,32.2524223328,10.9662779033
578,38,-86.3225402832,32.3301620483,8.9396602316
578,39,-86.3201904297,32.3620185852,3.5491568701
578,40,-86.3180389404,32.3751831055,1.4777081495
579,1,-81.2646102905,32.0702819824,476.532844569
579,2,-81.2942581177,31.9979019165,8.519710792
579,3,-81.3377075195,31.9472312927,6.9672641695
579,4,-81.3414993286,31.9157180786,3.5223323956
579,5,-81.3525314331,31.833486557,9.202878282
579,6,-81.4045333862,31.6626815796,19.618839225
579,7,-81.4483261108,31.5298366547,15.3429389111
579,8,-81.4739227295,31.3631687164,18.6910249153
579,9,-81.4969177246,31.308216095,6.4890150323
579,10,-81.5038833618,31.2496566772,6.5450714322
579,11,-81.5231552124,31.22108078,3.6679426199
579,12,-81.5373001099,31.1955184937,3.1446577066
579,13,-81.5706634521,31.1322746277,7.7156896153
579,14,-81.6149749756,31.0777606964,7.385259964
579,15,-81.6586990356,30.9725551605,12.4181016603
579,16,-81.6697311401,30.9149208069,6.4944376207
579,17,-81.665687561,30.7881965637,14.0963788925
579,18,-81.6573104858,30.7602462769,3.2093224348
579,19,-81.6615066528,30.7354488373,2.7863557465
579,20,-81.6628952026,30.7332878113,0.2745080366
579,21,-81.6729888916,30.7175483704,1.9984693935
579,22,-81.677520752,30.6888847351,3.216566687
579,23,-81.6552581787,30.6194839478,8.0054580516
579,24,-81.6427001953,30.547662735,8.0761240718
579,25,-81.6451263428,30.4736061096,8.2380003514
579,26,-81.6527252197,30.4587688446,1.803425592
579,27,-81.6636657715,30.3836212158,8.4216284736
579,28,-81.6697769165,30.343547821,4.4943670946
579,29,-81.675994873,30.335067749,1.1158891364
579,30,-81.688369751,30.3194732666,2.1017931885
580,1,-89.7317428589,30.3160667419,771.9040123416
580,2,-89.6460342407,30.3194160461,8.2354092933
580,3,-89.6187057495,30.3257827759,2.7169283294
580,4,-89.5947265625,30.3313655853,2.3837083884
580,5,-89.5523986816,30.3423728943,4.2425557087
580,6,-89.4301300049,30.3542575836,11.8068309431
580,7,-89.3056411743,30.3948173523,12.7657067004
580,8,-89.0813903809,30.4408454895,22.1040197629
580,9,-89.0097732544,30.4542694092,7.0256445492
580,10,-88.8713912964,30.4613418579,13.287247977
580,11,-88.7791748047,30.4598522186,8.8402792667
580,12,-88.7034835815,30.4501934052,7.3342989927
580,13,-88.600944519,30.424243927,10.2452000418
580,14,-88.5289154053,30.4227218628,6.9085181945
580,15,-88.4221572876,30.4834728241,12.2618516228
580,16,-88.405960083,30.4923057556,1.8366987208
580,17,-88.3735427856,30.509967804,3.6746666886
580,18,-88.1712722778,30.5877418518,21.2124637096
580,19,-88.140838623,30.6298942566,5.5183453189
580,20,-88.114074707,30.6423625946,2.9118614319
581,1,-88.114074707,30.6423625946,0
581,2,-88.0893630981,30.6580524445,2.9380063909
581,3,-88.058013916,30.6882781982,4.5038860551
581,4,-88.0529937744,30.7014713287,1.5435423369
581,5,-88.0432357788,30.711856842,1.4845607811
581,6,-88.0118255615,30.7064990997,3.0614098187
581,7,-88.0031585693,30.7000198364,1.098042818
581,8,-87.9957275391,30.6933917999,1.0237212277
581,9,-87.9829711914,30.6743946075,2.4393113148
581,10,-87.9541549683,30.6662902832,2.8995908138
581,11,-87.9148635864,30.6689453125,3.7695352702
581,12,-87.8988800049,30.6710014343,1.5456873251
581,13,-87.7729949951,30.6677322388,12.0453232245
581,14,-87.7650375366,30.6671504974,0.7638228477
581,15,-87.7061538696,30.6616382599,5.6652694532
581,16,-87.6046218872,30.6375656128,10.0747614283
581,17,-87.5160369873,30.5882320404,10.0974075542
581,18,-87.4054336548,30.5931167603,10.6008036173
581,19,-87.4033126831,30.5932102203,0.2032786425
581,20,-87.3679504395,30.5796375275,3.7062044548
581,21,-87.3241958618,30.5456142426,5.6447818373
581,22,-87.3171844482,30.5406990051,0.8657774501
581,23,-87.275718689,30.5125617981,5.0560088181
581,24,-87.2496414185,30.5084056854,2.540548697
581,25,-87.2284164429,30.5082836151,2.0334100784
581,26,-87.2029800415,30.5091362,2.4386560505
581,27,-87.1633071899,30.5147743225,3.8519023078
581,28,-87.122795105,30.5376472473,4.6396009978
581,29,-87.0579147339,30.551071167,6.3900572632
581,30,-87.0315322876,30.5875663757,4.779961727
581,31,-87.0089797974,30.5997562408,2.5489191687
581,32,-86.9434585571,30.620759964,6.6912107403
581,33,-86.8025131226,30.6760044098,14.8165777237
581,34,-86.6781234741,30.712600708,12.5706236837
581,35,-86.5587158203,30.7266082764,11.5201699542
581,36,-86.5177154541,30.7279071808,3.9216474118
581,37,-86.4339523315,30.7076206207,8.3188949919
581,38,-86.3793792725,30.7140102386,5.2653673957
581,39,-86.3134994507,30.7254867554,6.4255559961
581,40,-86.1357345581,30.6992225647,17.2432515279
581,41,-86.1161117554,30.7029933929,1.9224216877
581,42,-85.9300613403,30.7034168243,17.7879747628
581,43,-85.8832855225,30.7072429657,4.4922373454
581,44,-85.7712402344,30.7445983887,11.487192411
581,45,-85.6734085083,30.7562236786,9.4378649855
581,46,-85.5388336182,30.7609214783,12.8696563199
581,47,-85.3675308228,30.7654190063,16.3753724584
581,48,-85.2957229614,30.7616539001,6.8738729938
581,49,-85.2330245972,30.7386684418,6.5139157829
581,50,-85.174079895,30.7179412842,6.0872988366
581,51,-85.1225891113,30.6981220245,5.3934756187
581,52,-85.0600738525,30.6585788727,7.4213240198
581,53,-85.001701355,30.648273468,5.7001269965
581,54,-84.9310302734,30.64884758,6.7608481107
581,55,-84.7686386108,30.6300601959,15.6760179582
581,56,-84.7326278687,30.618844986,3.66445123
581,57,-84.6841201782,30.5851192474,5.968002981
581,58,-84.6598205566,30.5735054016,2.6606391062
581,59,-84.5953216553,30.5501327515,6.7002088862
581,60,-84.5551757813,30.5337924957,4.2523859666
581,61,-84.4518508911,30.5246276855,9.9487895174
581,62,-84.3524017334,30.5048866272,9.7762819095
581,63,-84.3174438477,30.5017738342,3.366996236
581,64,-84.2501907349,30.4955425262,6.4806753023
581,65,-84.217376709,30.4915065765,3.1759485026
581,66,-84.1676483154,30.4840564728,4.8364907815
581,67,-84.0137863159,30.4894065857,14.755339089
581,68,-83.9184799194,30.481218338,9.1778433761
581,69,-83.8805160522,30.4715194702,3.7946359966
581,70,-83.7020492554,30.4362735748,17.5499838667
581,71,-83.6238327026,30.4285640717,7.5478745921
581,72,-83.5307388306,30.4415779114,9.0417080811
581,73,-83.4488372803,30.4318466187,7.9261976603
581,74,-83.3417816162,30.3931999207,11.1292155792
581,75,-83.1959686279,30.3394546509,15.2123696113
581,76,-83.0732421875,30.338186264,11.7785532789
581,77,-83.0088195801,30.3495578766,6.3101253977
581,78,-82.9528121948,30.3464431763,5.3855141859
581,79,-82.8950881958,30.3290729523,5.8667324938
581,80,-82.8041915894,30.2769947052,10.4729027705
582,1,-82.8041915894,30.2769947052,0
582,2,-82.7223587036,30.2557315826,8.2070239113
582,3,-82.6827087402,30.2556381226,3.8083363326
582,4,-82.6379852295,30.2489871979,4.3589711061
582,5,-82.5500564575,30.2516937256,8.4512520377
582,6,-82.4947662354,30.2442455292,5.3751514152
582,7,-82.3424606323,30.2582798004,14.7123894908
582,8,-82.2998199463,30.2401065826,4.5672174983
582,9,-82.263999939,30.2358512878,3.4734595657
582,10,-82.1275405884,30.2752361298,13.819037573
582,11,-82.1147079468,30.278503418,1.2847303467
582,12,-81.9807662964,30.2921466827,12.9501847582
582,13,-81.7692718506,30.3103466034,20.4049105526
582,14,-81.7274932861,30.3208236694,4.1761104994
582,15,-81.688369751,30.3194732666,3.7582918054
583,1,-90.4274978638,30.0817584991,840.0593397098
583,2,-90.4918670654,30.1260509491,7.9119329669
583,3,-90.7070922852,30.1508960724,20.8802644328
583,4,-90.7789230347,30.1519126892,6.9074786964
583,5,-90.8301544189,30.1526756287,4.9266029926
583,6,-90.8795623779,30.1703720093,5.1415505766
583,7,-90.9077224731,30.1796245575,2.8958789166
583,8,-90.9254379272,30.1963291168,2.5198029152
583,9,-91.0452346802,30.3571472168,21.2628706163
583,10,-91.0733795166,30.3892288208,4.4739113438
583,11,-91.1001968384,30.4066829681,3.2221226315
584,1,-89.7317428589,30.3160667419,131.6816351136
584,2,-89.7390670776,30.2890586853,3.0843760729
584,3,-89.7421951294,30.2730388641,1.806469363
584,4,-89.7515792847,30.2295513153,4.9188874567
584,5,-89.7757568359,30.1896839142,5.0049689348
584,6,-89.7973709106,30.1763572693,2.5518712417
584,7,-89.8406448364,30.1670780182,4.2859985268
584,8,-89.8642654419,30.134967804,4.231606251
584,9,-89.9251556396,30.0679244995,9.4808430483
584,10,-89.9961624146,30.0328369141,7.8695599761
584,11,-90.0066223145,30.0195140839,1.791279636
584,12,-90.0202560425,30.0080051422,1.8332869741
584,13,-90.0360717773,30.0079288483,1.5229191496
584,14,-90.104598999,30.0084877014,6.5987557451
584,15,-90.1472854614,30.0073280334,4.112299824
585,1,-90.1472854614,30.0073280334,0
585,2,-90.1878814697,30.0079956055,3.9097023058
585,3,-90.3008880615,30.0287437439,11.1221638716
585,4,-90.400932312,30.0645866394,10.4216926578
585,5,-90.4274978638,30.0817584991,3.190709403
586,1,-91.1001968384,30.4066829681,74.0337371346
586,2,-91.1738433838,30.4330329895,7.6455054166
586,3,-91.204208374,30.4408016205,3.0365793667
586,4,-91.7455978394,30.39220047,52.1948161653
586,5,-91.7956924438,30.3650875092,5.6729010181
586,6,-91.8219070435,30.3370819092,4.0031068842
586,7,-91.9828643799,30.2676639557,17.2730243909
586,8,-92.0055770874,30.2666893005,2.1839584393
586,9,-92.0307769775,30.2606182098,2.5126033523
586,10,-92.0555801392,30.2586708069,2.3920335658
586,11,-92.1421966553,30.2547893524,8.3304914707
586,12,-92.2602996826,30.2601852417,11.3592747857
586,13,-92.379196167,30.2410488129,11.6169688552
586,14,-92.5313949585,30.2383556366,14.623919401
586,15,-92.6072921753,30.2453746796,7.332500354
586,16,-92.65650177,30.2595176697,4.9814195368
586,17,-92.9210891724,30.2612037659,25.4127169043
586,18,-92.9798126221,30.2611904144,5.6399867837
586,19,-93.1228942871,30.2542705536,13.7640260676
586,20,-93.1730194092,30.2512321472,4.8264295388
586,21,-93.2101745605,30.2422027588,3.7075596419
586,22,-93.2646026611,30.2408027649,5.2308126348
586,23,-93.2825622559,30.2287349701,2.185750298
586,24,-93.370010376,30.2211074829,8.4445954065
586,25,-93.4846954346,30.2101421356,11.0870740493
586,26,-93.5546798706,30.1938304901,6.9658559571
586,27,-93.617980957,30.1662750244,6.8125832365
586,28,-93.635093689,30.1596755981,1.8014403592
586,29,-93.6952896118,30.13372612,6.4674839519
586,30,-93.6979980469,30.1324748993,0.2952950807
586,31,-93.7155761719,30.1243457794,1.9170242266
586,32,-93.7436676025,30.1236610413,2.7028243594
586,33,-93.7921447754,30.112203598,4.8335990402
586,34,-93.817237854,30.1090373993,2.4392471283
586,35,-93.8775787354,30.1225204468,5.9944067584
586,36,-94.0211334229,30.1267871857,13.8147277746
586,37,-94.0478744507,30.1227416992,2.6108977952
586,38,-94.0893859863,30.0970172882,4.9118536645
586,39,-94.127571106,30.0954055786,3.6779352745
586,40,-94.1408920288,30.0864887238,1.620363763
586,41,-94.1482772827,30.0644130707,2.5554972065
586,42,-94.1468811035,30.0542507172,1.1379629656
586,43,-94.2471466064,29.9577560425,14.4340198845
586,44,-94.3932495117,29.8346252441,19.6422562341
586,45,-94.7040176392,29.8441982269,29.9934291399
586,46,-94.8976898193,29.830499649,18.742660096
586,47,-94.944694519,29.8111343384,5.0198932655
586,48,-95.0574111938,29.7995643616,10.9514057039
586,49,-95.1483688354,29.7681083679,9.4492272468
586,50,-95.2720718384,29.7767562866,11.9781889453
586,51,-95.3467178345,29.7689628601,7.2565590375
586,52,-95.3567657471,29.7680149078,0.9755508454
586,53,-95.381362915,29.7704353333,2.3893444144
587,1,-95.381362915,29.7704353333,9.49352979660034E-005
587,2,-95.4612350464,29.7724170685,7.7122999052
587,3,-95.6513061523,29.780166626,18.3647434247
587,4,-95.7642593384,29.7836990356,10.9080204519
587,5,-95.8687210083,29.7675361633,10.2410125183
587,6,-95.9804611206,29.7740058899,10.809042946
587,7,-96.0572814941,29.7625999451,7.5225167167
587,8,-96.1127090454,29.7696342468,5.4069514001
587,9,-96.1597366333,29.7424221039,5.4557307244
587,10,-96.17603302,29.7425365448,1.5734112954
587,11,-96.2032470703,29.7567806244,3.0677357711
587,12,-96.2549743652,29.7526130676,5.0149399108
587,13,-96.4260406494,29.712518692,17.1085886427
587,14,-96.4945449829,29.7083263397,6.6323729458
587,15,-96.5454559326,29.6847419739,5.5730938378
587,16,-96.7900772095,29.6899356842,23.6373665412
587,17,-96.8359985352,29.6981544495,4.5288506777
587,18,-96.8644485474,29.7099781036,3.046133854
587,19,-96.9038848877,29.709274292,3.8094931266
587,20,-97.1089096069,29.7066574097,19.8033729046
587,21,-97.2203521729,29.7049770355,10.7649475236
587,22,-97.2476425171,29.6900882721,3.1127468022
587,23,-97.3038787842,29.6731624603,5.7494776908
587,24,-97.415687561,29.6579990387,10.9338070711
587,25,-97.5327835083,29.6579666138,11.3147230424
587,26,-97.6099624634,29.6578559875,7.4576474012
587,27,-97.6584701538,29.6506595612,4.7551778237
587,28,-97.761756897,29.6363353729,10.1080854615
587,29,-97.7974014282,29.618270874,3.9880952617
587,30,-97.8586349487,29.6043701172,6.1180760014
587,31,-97.9258728027,29.6010894775,6.5108372698
587,32,-97.9520950317,29.6015853882,2.5358209066
587,33,-97.9688339233,29.6037330627,1.6358559551
587,34,-98.0011291504,29.5914993286,3.405938945
587,35,-98.0222015381,29.5657596588,3.5134442992
587,36,-98.3923187256,29.4357223511,38.6277260678
588,1,-98.3923187256,29.4357223511,0
588,2,-98.4330978394,29.4111042023,4.8054515619
588,3,-98.4700088501,29.3960418701,3.9484352289
589,1,-98.5197601318,29.3939819336,4.8253092972
589,2,-98.5090332031,29.4085063934,1.9204725644
589,3,-98.5147399902,29.4406757355,3.6195165045
589,4,-98.516166687,29.4489479065,0.9301400492
589,5,-98.5228500366,29.4852523804,4.0883957071
589,6,-98.552230835,29.5126934052,4.1708285109
589,7,-98.5855407715,29.5566730499,5.8566482985
589,8,-98.646270752,29.6907920837,16.0270836957
589,9,-98.6936264038,29.7518424988,8.1851028711
589,10,-98.7556304932,29.7873821259,7.1716863315
589,11,-98.7582855225,29.8203907013,3.6793152675
589,12,-98.8058166504,29.8800010681,8.0590699573
589,13,-98.8624725342,29.931892395,7.944552787
589,14,-98.901222229,29.9881496429,7.2847010994
589,15,-99.033164978,30.0621833801,15.1368245226
589,16,-99.1068344116,30.0783729553,7.3141602953
589,17,-99.1798858643,30.1064052582,7.6883364591
589,18,-99.2784805298,30.1775798798,12.349953786
589,19,-99.3907089233,30.2153263092,11.5737451428
589,20,-99.5218505859,30.291469574,15.1773357102
589,21,-99.5524291992,30.3099002838,3.5802647289
589,22,-99.6150054932,30.3911037445,10.8436591271
589,23,-99.6641311646,30.4214515686,5.7950682785
589,24,-99.7017059326,30.4325370789,3.8077319941
589,25,-99.7074966431,30.4430713654,1.2962561174
589,26,-99.7185440063,30.466424942,2.8044057881
589,27,-99.7380523682,30.4980278015,3.980383175
589,28,-99.7698135376,30.5182189941,3.7814061773
589,29,-99.8037185669,30.5342884064,3.70664144
589,30,-99.8588790894,30.5412311554,5.3389198513
589,31,-100.0010604858,30.480047226,15.2253045886
589,32,-100.1584320068,30.4364852905,15.8427034704
589,33,-100.2103652954,30.4400577545,4.9946422522
589,34,-100.2989578247,30.4677505493,9.0330229932
589,35,-100.4168701172,30.5158424377,12.4996411295
589,36,-100.4876403809,30.5544185638,8.0212424085
589,37,-100.5439987183,30.5706157684,5.6887792553
589,38,-100.6312408447,30.5971279144,8.8563976889
589,39,-100.7141342163,30.6053085327,7.9856147848
589,40,-100.7796325684,30.6245250702,6.6221066485
589,41,-100.8562088013,30.6344738007,7.4099324024
589,42,-100.8926086426,30.6597862244,4.4774247909
589,43,-100.9212875366,30.6586380005,2.7461517134
589,44,-101.1515884399,30.7131614685,22.8418443203
589,45,-101.1976699829,30.7012443542,4.6005557071
589,46,-101.2542877197,30.6841583252,5.7373937299
589,47,-101.3370742798,30.6758728027,7.9703884704
589,48,-101.3918533325,30.678396225,5.2462411174
589,49,-101.5641860962,30.7126636505,16.9125291222
589,50,-101.6038665771,30.7299251556,4.2510444304
589,51,-101.7048797607,30.7279548645,9.6575800453
589,52,-101.8257522583,30.7361221313,11.5885659105
589,53,-101.9161987305,30.7583236694,8.9890988232
589,54,-101.9650878906,30.7999782562,6.5777705557
589,55,-102.0155944824,30.840675354,6.613578402
589,56,-102.0754852295,30.8706378937,6.6169357331
589,57,-102.16040802,30.8991985321,8.7040220443
589,58,-102.2496414185,30.9074897766,8.5634538395
589,59,-102.552772522,30.8666267395,29.2810774925
589,60,-102.638458252,30.8796844482,8.305673605
589,61,-102.755317688,30.8997039795,11.3710694818
589,62,-102.8746109009,30.8962078094,11.388938832
589,63,-102.8831634521,30.896900177,0.8196729081
589,64,-102.8948364258,30.8948516846,1.1368483911
589,65,-102.9466629028,30.8984298706,4.9610459278
589,66,-103.048248291,30.9061946869,9.7306588566
589,67,-103.1903686523,30.9273376465,13.7600061991
589,68,-103.6018295288,30.9924507141,39.8963530247
589,69,-103.6561126709,30.999917984,5.2402778594
589,70,-103.7082290649,31.007686615,5.0417083187
589,71,-103.9472579956,31.0474452972,23.2009912468
589,72,-104.0013275146,31.0820865631,6.4311698909
589,73,-104.050819397,31.0990314484,5.0754166647
590,1,-98.4700088501,29.3960418701,568.4477235748
590,2,-98.4783935547,29.395242691,0.8171457327
590,3,-98.5009536743,29.3923473358,2.2092195502
590,4,-98.5197601318,29.3939819336,1.8310332332
591,1,-94.8181381226,29.2925453186,358.9550701873
591,2,-94.8740158081,29.2860221863,5.467337922
591,3,-94.9111785889,29.3058261871,4.2233501746
591,4,-94.9387130737,29.3322296143,3.968118496
591,5,-95.0488433838,29.4172019958,14.2532268323
591,6,-95.1713180542,29.5732498169,21.01401678
591,7,-95.2486114502,29.6445560455,10.89509143
591,8,-95.2954177856,29.6993408203,7.5868218996
591,9,-95.3675689697,29.7441692352,8.5668914464
591,10,-95.3771591187,29.7514572144,1.2304136256
591,11,-95.381362915,29.7704353333,2.14893114
592,1,-81.0643768311,29.1436080933,1387.0358910577
592,2,-81.0704193115,29.1576328278,1.6662236939
592,3,-81.0801010132,29.1819076538,2.8582394941
592,4,-81.1117248535,29.2561950684,8.8120703829
592,5,-81.1315460205,29.3070316315,5.9707118062
592,6,-81.1368179321,29.3462581635,4.3916316623
592,7,-81.1390075684,29.3844394684,4.2508667503
592,8,-81.1768188477,29.4731407166,10.5209749172
592,9,-81.2168502808,29.5710678101,11.5573853746
592,10,-81.2846069336,29.6631526947,12.1550417484
592,11,-81.3154678345,29.6868152618,3.976484787
592,12,-81.3723678589,29.8104858398,14.808095354
592,13,-81.4200820923,29.9209117889,13.1125131267
592,14,-81.4931182861,30.0340461731,14.4133314603
592,15,-81.5052490234,30.1105384827,8.5852842941
592,16,-81.5504455566,30.1483631134,6.0483758707
592,17,-81.5655975342,30.1740989685,3.2111289955
592,18,-81.5609817505,30.1931705475,2.1665753617
592,19,-81.5905609131,30.2606296539,8.0214008241
592,20,-81.6433334351,30.3087444305,7.3688919483
592,21,-81.6569290161,30.3124256134,1.3677904778
592,22,-81.6773529053,30.3172588348,2.0328309918
592,23,-81.688369751,30.3194732666,1.0857657364
593,1,-99.0648574829,29.0220851898,1683.3729475652
593,2,-98.9799194336,29.0777835846,10.3212344887
593,3,-98.9381332397,29.1255550385,6.6857344484
593,4,-98.9177627563,29.1276454926,1.9922718009
593,5,-98.8891067505,29.1255207062,2.7934799778
593,6,-98.7712631226,29.2292900085,16.2491566273
593,7,-98.7297668457,29.2453212738,4.4033093045
593,8,-98.6486434937,29.2874488831,9.1578389625
593,9,-98.5999450684,29.3244342804,6.2618389696
593,10,-98.5791931152,29.3457164764,3.1059297918
593,11,-98.5565643311,29.3536701202,2.3648384536
593,12,-98.5364685059,29.3662395477,2.3971560738
593,13,-98.5197601318,29.3939819336,3.4838214501
594,1,-82.0920715332,28.8520507813,1595.5657297033
594,2,-82.0921478271,28.8549213409,0.3192781341
594,3,-82.0936050415,28.8682880402,1.4930682451
594,4,-82.117515564,28.9461994171,8.970546263
594,5,-82.1802444458,29.0721187592,15.272692642
594,6,-82.1884613037,29.1426029205,7.8780308136
594,7,-82.1891098022,29.1921901703,5.5142101122
594,8,-82.190322876,29.2142562866,2.4564636182
594,9,-82.193687439,29.2602462769,5.124263387
594,10,-82.2499313354,29.4257278442,19.1913171729
594,11,-82.2939300537,29.5072956085,10.0203477139
594,12,-82.3681716919,29.5974941254,12.3355008008
594,13,-82.3843383789,29.6282157898,3.7566204658
594,14,-82.4042892456,29.6562900543,3.6691573405
594,15,-82.4521026611,29.7259349823,9.0168374466
594,16,-82.491569519,29.7682762146,6.0567492646
594,17,-82.5090408325,29.794878006,3.4048095779
594,18,-82.5070571899,29.8062782288,1.2820155105
594,19,-82.5791854858,29.9388046265,16.2949405037
594,20,-82.6001663208,29.986541748,5.6799034404
594,21,-82.6544799805,30.1084098816,14.5245444392
594,22,-82.6798477173,30.169500351,7.2176843811
594,23,-82.6847686768,30.1801567078,1.2758653314
594,24,-82.7081832886,30.2059345245,3.6442023852
594,25,-82.7957839966,30.2589378357,10.2743989645
594,26,-82.8041915894,30.2769947052,2.1641034502
595,1,-99.0648574829,29.0220851898,1576.1927311822
595,2,-99.1916732788,29.0094032288,12.4117406693
595,3,-99.2275695801,28.9645290375,6.090017284
595,4,-99.2814178467,28.9435863495,5.7334666303
595,5,-99.5057983398,28.9465789795,21.8358539039
595,6,-99.5656280518,28.9645290375,6.1538164027
595,7,-99.667350769,28.9525623322,9.9858838746
595,8,-99.7900085449,28.9226455688,12.3909573464
595,9,-99.8378753662,28.9495697021,5.5372110124
595,10,-99.8618087769,28.9495697021,2.3287372533
595,11,-99.8857421875,28.9346122742,2.861817867
595,12,-100.0981521606,28.9286289215,20.6819177272
595,13,-100.1579818726,28.8927288055,7.0604760959
595,14,-100.2357635498,28.8867454529,7.6017489001
595,15,-100.4511642456,28.7341690063,26.9866220942
595,16,-100.4641799927,28.7230682373,1.7704002474
595,17,-100.5075302124,28.6875228882,5.7876787398
596,1,-81.4829025269,28.4969539642,1855.6082530498
596,2,-81.4678955078,28.5074272156,1.8726240149
596,3,-81.4329147339,28.5235767365,3.8608530788
596,4,-81.3981628418,28.5240917206,3.3956705985
596,5,-81.3835220337,28.5267486572,1.4605475364
596,6,-81.3834381104,28.5497360229,2.5560915926
596,7,-81.3828353882,28.5727043152,2.554635829
596,8,-81.3785247803,28.6713809967,10.9804103098
596,9,-81.3330154419,28.8038330078,15.3818647975
596,10,-81.3166275024,28.8404159546,4.3699163691
596,11,-81.28074646,28.8918533325,6.7023866849
596,12,-81.2580184937,28.9603328705,7.9293440862
596,13,-81.2168426514,29.0216331482,7.90571754
596,14,-81.1657409668,29.0921592712,9.282835228
596,15,-81.1460494995,29.1395835876,5.6095784834
596,16,-81.1011047363,29.1304149628,4.4827750637
596,17,-81.0643768311,29.1436080933,3.8570424031
597,1,-82.0920715332,28.8520507813,105.074685267
597,2,-82.0871582031,28.8497085571,0.5448092585
597,3,-82.084564209,28.8496265411,0.2528049802
597,4,-82.0794219971,28.8480873108,0.5292646269
597,5,-82.0763549805,28.8466110229,0.3408501919
597,6,-82.072769165,28.84557724,0.3676813696
597,7,-82.0696640015,28.8450183868,0.3087562994
597,8,-82.0635070801,28.8429851532,0.6408848036
597,9,-82.0604476929,28.8415088654,0.340211949
597,10,-82.0573654175,28.8404922485,0.3207981859
597,11,-82.0548019409,28.8394908905,0.2733930057
597,12,-82.0527648926,28.8385066986,0.2265964567
597,13,-82.0471496582,28.8360309601,0.6123290072
597,14,-82.044090271,28.8345546722,0.3402293932
597,15,-82.016204834,28.8171157837,3.3376010823
597,16,-82.0091094971,28.81275177,0.8445927527
597,17,-82.0040130615,28.8102893829,0.5670336976
597,18,-81.9838256836,28.7958488464,2.5391881401
597,19,-81.9646759033,28.7814369202,2.4598208824
597,20,-81.9411697388,28.7595272064,3.3443221468
597,21,-81.9041290283,28.7265872955,5.1436233987
597,22,-81.8860092163,28.7131137848,2.3166205103
597,23,-81.8480987549,28.677362442,5.4292534074
597,24,-81.8349761963,28.6686420441,1.6059990279
597,25,-81.8324890137,28.6662597656,0.3592420041
597,26,-81.8294525146,28.6643161774,0.3667110819
597,27,-81.8259048462,28.6623573303,0.4089693085
597,28,-81.8218002319,28.6612987518,0.4174260683
597,29,-81.8064193726,28.6570930481,1.5719201599
597,30,-81.7956542969,28.653963089,1.1065657245
597,31,-81.7916107178,28.6515254974,0.4786947167
597,32,-81.7865142822,28.6495113373,0.5454162588
597,33,-81.777885437,28.6450748444,0.975897785
597,34,-81.7672271729,28.6396484375,1.2024650528
597,35,-81.7606124878,28.6366596222,0.7260655006
597,36,-81.7525863647,28.6304035187,1.0476221079
597,37,-81.7460403442,28.6260375977,0.8024154066
597,38,-81.7379302979,28.6216182709,0.9317094768
597,39,-81.7278594971,28.6148281097,1.2395116704
597,40,-81.718788147,28.6089916229,1.0978679742
597,41,-81.7133178711,28.6037425995,0.7910987778
597,42,-81.7088851929,28.5985298157,0.7233571406
597,43,-81.7054443359,28.5942687988,0.5808103359
597,44,-81.6999893188,28.5885601044,0.8286179162
597,45,-81.6940689087,28.5819129944,0.9383367352
597,46,-81.6860961914,28.5747337341,1.1150624093
597,47,-81.6802368164,28.5667095184,1.0599621348
597,48,-81.6747283936,28.5623760223,0.7222089344
597,49,-81.6690979004,28.5607948303,0.5773147467
597,50,-81.6603622437,28.5591049194,0.8736115113
597,51,-81.6511383057,28.5569343567,0.9326383283
597,52,-81.6260910034,28.5491352081,2.5955559978
597,53,-81.6246643066,28.5463237762,0.3422701101
597,54,-81.6195678711,28.5443000793,0.5463063911
597,55,-81.6160354614,28.5423336029,0.4084965376
597,56,-81.6134872437,28.5413208008,0.2732043908
597,57,-81.6109237671,28.5407676697,0.2578483938
597,58,-81.6073684692,28.5392589569,0.3856883272
597,59,-81.6048049927,28.5387058258,0.2578531475
597,60,-81.600692749,28.5376358032,0.4189532347
597,61,-81.5981292725,28.5370826721,0.2578568874
597,62,-81.5898590088,28.536781311,0.8085818568
597,63,-81.5872497559,28.5371456146,0.2580857589
597,64,-81.5836257935,28.5370140076,0.3543114417
597,65,-81.5805435181,28.536441803,0.3077442891
597,66,-81.5763778687,28.5367488861,0.4083561479
597,67,-81.5732345581,28.5375537872,0.3198341305
597,68,-81.5690307617,28.5387783051,0.4326314858
597,69,-81.5653610229,28.5395622253,0.3689195451
597,70,-81.5622177124,28.5403671265,0.3198262402
597,71,-81.5585479736,28.5411510468,0.3689143049
597,72,-81.5554275513,28.5414962769,0.3072159929
597,73,-81.5522994995,28.541841507,0.3079544349
597,74,-81.5491943359,28.541727066,0.3035831779
597,75,-81.5466461182,28.5407123566,0.2732931825
597,76,-81.5420608521,28.5391635895,0.4798694687
597,77,-81.5380096436,28.5371761322,0.4532655554
597,78,-81.5349349976,28.5361404419,0.3216717933
597,79,-81.5313415527,28.5355472565,0.3571752572
597,80,-81.5267944336,28.5330810547,0.5220298761
597,81,-81.524772644,28.5320854187,0.2264202876
597,82,-81.5222854614,28.5296936035,0.3602374267
597,83,-81.51978302,28.5277614594,0.3254608544
597,84,-81.5153045654,28.5239162445,0.6117556204
597,85,-81.5122909546,28.5219650269,0.3657330944
597,86,-81.5097885132,28.5200328827,0.3254743125
597,87,-81.5068359375,28.5167045593,0.4692405456
597,88,-81.5023117065,28.5137767792,0.5489886249
597,89,-81.499382019,28.5099868774,0.5094467457
597,90,-81.4959564209,28.5057201385,0.5806320437
597,91,-81.4934539795,28.5037879944,0.3255025977
597,92,-81.491973877,28.5023536682,0.2153026653
597,93,-81.4894256592,28.5013370514,0.2734654721
597,94,-81.4869384766,28.4994049072,0.3243915516
597,95,-81.4843902588,28.4983901978,0.27338422
597,96,-81.4829025269,28.4969539642,0.2159659722
598,1,-81.0643768311,29.1436080933,82.6603171492
598,2,-81.0587234497,29.1222515106,2.4374001688
598,3,-81.0265274048,29.0896930695,4.7844454224
598,4,-81.0169143677,29.0548458099,3.9858733902
598,5,-80.9785232544,29.0123596191,6.0207712946
598,6,-80.9181976318,28.8476142883,19.2365985696
598,7,-80.8684921265,28.6639022827,20.9946337713
598,8,-80.8530960083,28.6135749817,5.7943398221
598,9,-80.8523254395,28.5523738861,6.8056672617
598,10,-80.8524169922,28.522480011,3.324059283
598,11,-80.8368530273,28.4946651459,3.4465417372
598,12,-80.8065643311,28.424331665,8.3624734831
599,1,-81.4991836548,28.3940811157,67.8242792634
599,2,-81.4911346436,28.4328765869,4.3850949632
599,3,-81.4935379028,28.4803371429,5.2826001639
599,4,-81.4829025269,28.4969539642,2.1199934635
600,1,-82.328918457,27.9982089996,99.7138239659
600,2,-82.2711715698,28.013961792,5.9336631788
600,3,-82.1755828857,28.0220623016,9.4263933967
600,4,-82.126159668,28.0343151093,5.0387614763
600,5,-82.0422592163,28.0454273224,8.326428976
600,6,-81.9714126587,28.0762424469,7.7503165969
600,7,-81.9023895264,28.1360645294,9.4910597489
600,8,-81.8594207764,28.1516304016,4.5546864279
600,9,-81.801071167,28.152841568,5.7221948514
600,10,-81.7657852173,28.1690979004,3.9029847083
600,11,-81.6505432129,28.2294235229,13.1353168052
600,12,-81.6178512573,28.2553863525,4.3116021374
600,13,-81.5606155396,28.3195419312,9.0718755358
600,14,-81.4991836548,28.3940811157,10.2387673574
601,1,-82.328918457,27.9982089996,92.4638545301
601,2,-82.342628479,28.0451049805,5.3854524698
601,3,-82.4009170532,28.1130886078,9.4787429944
601,4,-82.4191207886,28.151807785,4.6607498457
601,5,-82.3424758911,28.2291564941,11.4191759921
601,6,-82.3048858643,28.3223342896,10.9953863978
601,7,-82.3150939941,28.3792057037,6.4022261716
601,8,-82.2756500244,28.4364204407,7.4402772301
601,9,-82.2532196045,28.5217132568,9.7342192803
601,10,-82.2536468506,28.5644760132,4.7551846943
601,11,-82.1856002808,28.6336345673,10.1621956078
601,12,-82.1644897461,28.6688232422,4.4219279874
601,13,-82.1003189087,28.7559509277,11.5336165435
601,14,-82.0904769897,28.7937717438,4.3134928111
601,15,-82.0920715332,28.8520507813,6.4821948443
602,1,-82.4497375488,27.9603157043,105.1460818017
602,2,-82.3774337769,27.9812316895,7.4718441993
602,3,-82.3553771973,27.9930095673,2.5309417118
602,4,-82.328918457,27.9982089996,2.6613634183
603,1,-97.621963501,27.8837509155,1501.3510469946
603,2,-97.6282806396,27.8936843872,1.2670797083
603,3,-97.6764755249,27.9739189148,10.1001524684
603,4,-97.7525405884,28.0358390808,10.1573749703
603,5,-97.8127288818,28.098285675,9.1154400898
603,6,-97.8613128662,28.1540145874,7.8165831661
603,7,-97.9224472046,28.24766922,12.0141843121
603,8,-98.0205764771,28.3341388702,13.5927952577
603,9,-98.0506057739,28.3985900879,7.7455598687
603,10,-98.1047973633,28.4496650696,7.7677474105
603,11,-98.1423492432,28.4834117889,5.2493108771
603,12,-98.1751785278,28.5212001801,5.2865003891
603,13,-98.195274353,28.5743808746,6.2306862284
603,14,-98.2500686646,28.6556835175,10.5041733109
603,15,-98.2834625244,28.7476215363,10.7293320191
603,16,-98.3151702881,28.7720012665,4.1112253063
603,17,-98.3499908447,28.7973384857,4.4105595651
603,18,-98.3923721313,28.8636360168,8.4492493202
603,19,-98.4113998413,28.9020214081,4.6529753736
603,20,-98.4419326782,28.9387302399,5.0490000526
603,21,-98.4405517578,28.9850673676,5.1542047632
603,22,-98.4361419678,29.1093597412,13.8273277177
603,23,-98.4188461304,29.1967334747,9.859626654
603,24,-98.4133605957,29.3204860687,13.7709462148
603,25,-98.4110641479,29.3314590454,1.2402837346
603,26,-98.4215927124,29.3554573059,2.8569678728
603,27,-98.4661102295,29.3803977966,5.1284814824
603,28,-98.4700088501,29.3960418701,1.7800781023
604,1,-97.4026260376,27.7907905579,206.6869953284
604,2,-97.4764022827,27.7967185974,7.2869907918
604,3,-97.5314407349,27.8113670349,5.6531699024
604,4,-97.6095733643,27.8642635345,9.6755855241
604,5,-97.621963501,27.8837509155,2.485691876
605,1,-82.6605987549,27.7796916962,1470.3131259969
605,2,-82.6609268188,27.8929748535,12.5965536748
605,3,-82.644859314,27.9031791687,1.9443939787
605,4,-82.5253982544,27.9454307556,12.6422270664
605,5,-82.5025558472,27.9512310028,2.3345827038
605,6,-82.491973877,27.9592189789,1.3671912257
605,7,-82.4497375488,27.9603157043,4.1500721653
606,1,-82.5783233643,27.572095871,44.9838683248
606,2,-82.5852661133,27.5777130127,0.9264959526
606,3,-82.5903015137,27.5801563263,0.5657883479
606,4,-82.6104202271,27.5882930756,2.1794808597
606,5,-82.6305770874,27.6015625,2.4744227953
606,6,-82.6455383301,27.61835289,2.3788401131
606,7,-82.6541061401,27.6361885071,2.1553796689
606,8,-82.6633453369,27.6959667206,6.7090213583
606,9,-82.6656723022,27.702911377,0.8054769738
606,10,-82.6689224243,27.7135925293,1.2300318269
606,11,-82.6712188721,27.721944809,0.955845567
606,12,-82.6725845337,27.7270469666,0.5830410807
606,13,-82.6739425659,27.7326107025,0.6329337528
606,14,-82.673210144,27.7395000458,0.7694439959
606,15,-82.6725158691,27.7450084686,0.6163077878
606,16,-82.6727294922,27.7542247772,1.0250223439
606,17,-82.6730270386,27.7606811523,0.7185129283
606,18,-82.6734390259,27.7639160156,0.3619774231
606,19,-82.6743087769,27.7685451508,0.5218014741
606,20,-82.6605987549,27.7796916962,1.8318323502
607,1,-82.5783233643,27.572095871,24.464125854
607,2,-82.5729904175,27.5492630005,2.592754291
607,3,-82.5725784302,27.5464859009,0.3114591588
607,4,-82.5729217529,27.5363578796,1.1266931696
607,5,-82.5724868774,27.534040451,0.2612293902
607,6,-82.573097229,27.5312919617,0.3114871686
607,7,-82.5731887817,27.5285282135,0.3074473286
607,8,-82.5722732544,27.5252780914,0.3725021569
607,9,-82.570274353,27.5238399506,0.2538203272
607,10,-82.5671920776,27.5242156982,0.306800098
607,11,-82.564666748,27.523223877,0.272350905
607,12,-82.5585479736,27.5225925446,0.6074459357
607,13,-82.5565109253,27.5220737457,0.2089948783
607,14,-82.5539245605,27.5229244232,0.272019897
607,15,-82.5518798828,27.5228672028,0.2017272102
607,16,-82.5493469238,27.5218734741,0.2731275158
607,17,-82.5473327637,27.5208969116,0.2263659071
607,18,-82.542175293,27.5221347809,0.5268846176
607,19,-82.5391082764,27.5220489502,0.3025930492
607,20,-82.5354919434,27.5228691101,0.3680866529
607,21,-82.5278244019,27.5226535797,0.7564813591
607,22,-82.5247192383,27.5234870911,0.3199208547
607,23,-82.5226669312,27.5238895416,0.2072663682
607,24,-82.5170288086,27.5237312317,0.5562525162
607,25,-82.513420105,27.5245513916,0.367352525
607,26,-82.5113296509,27.5258750916,0.2532919296
607,27,-82.5081939697,27.5276279449,0.3655054467
607,28,-82.5061187744,27.5284919739,0.2260587865
607,29,-82.5035247803,27.5293388367,0.2725645642
607,30,-82.5014190674,27.531124115,0.2872606581
607,31,-82.4988098145,27.5324325562,0.2955680873
607,32,-82.4962310791,27.5328197479,0.2578873291
607,33,-82.4936447144,27.5336685181,0.2719228344
607,34,-82.4915542603,27.5349903107,0.2531548116
607,35,-82.4884338379,27.536283493,0.3396152753
607,36,-82.4858932495,27.5357513428,0.2573929141
608,1,-99.505279541,27.4963874817,1677.0754308861
608,2,-99.4984359741,27.5322551727,4.0450055509
608,3,-99.4853134155,27.5856227875,6.0735674825
608,4,-99.4985122681,27.6064128876,2.6525408787
608,5,-99.5004119873,27.6312904358,2.7725819598
608,6,-99.4589004517,27.7139720917,10.0616314628
608,7,-99.448890686,27.7548961639,4.6559686884
608,8,-99.4365005493,27.7658786774,1.7255878834
608,9,-99.422088623,27.7722454071,1.584878447
608,10,-99.4063796997,27.8172702789,5.2395721505
608,11,-99.3517150879,28.0493278503,26.3565280472
608,12,-99.2814712524,28.2572021484,24.1186476003
608,13,-99.2759780884,28.2962417603,4.3742086941
608,14,-99.2849807739,28.3303203583,3.8904991531
608,15,-99.2588043213,28.4284973145,11.2131253233
608,16,-99.2027130127,28.6169242859,21.6569274489
608,17,-99.1986999512,28.6577720642,4.5589194595
608,18,-99.1855392456,28.6774215698,2.534284161
608,19,-99.1330413818,28.8386383057,18.6426265176
608,20,-99.1260452271,28.9115695953,8.138150907
608,21,-99.0879745483,28.968164444,7.3025361757
608,22,-99.0648574829,29.0220851898,6.4033978889
609,1,-80.8065643311,28.424331665,1779.8860849049
609,2,-80.7912750244,28.3827056885,4.864179239
609,3,-80.7778701782,28.3540439606,3.4463581723
609,4,-80.7104797363,28.2193965912,16.3617286383
609,5,-80.7051467896,28.0764141083,15.9075220333
609,6,-80.6377716064,28.0282173157,8.5108832524
609,7,-80.6281356812,28.0075073242,2.4895401694
609,8,-80.5944900513,27.9386959076,8.3344114582
609,9,-80.5786743164,27.8739147186,7.3690845436
609,10,-80.5434112549,27.8257217407,6.3825071307
609,11,-80.5332260132,27.7358188629,10.0468356292
609,12,-80.4888381958,27.6345920563,12.0746778252
609,13,-80.4023895264,27.4496250153,22.2635060548
609,14,-80.3751754761,27.4252319336,3.8170537269
609,15,-80.3679428101,27.4091911316,1.9212193046
609,16,-80.3630218506,27.3803386688,3.2448229224
609,17,-80.3867645264,27.3598022461,3.2728242493
610,1,-80.1533508301,26.9029197693,55.8075334937
610,2,-80.1582107544,26.91472435,1.3982705201
610,3,-80.162651062,26.9251174927,1.2366772472
610,4,-80.1692199707,26.9342346191,1.2049226969
610,5,-80.1725463867,26.9381008148,0.5418045122
610,6,-80.1749954224,26.9396114349,0.2952165091
610,7,-80.1803512573,26.9435806274,0.6904024174
610,8,-80.1856155396,26.9489345551,0.7916457093
610,9,-80.1870040894,26.9513149261,0.2983300917
610,10,-80.1883544922,26.9541568756,0.3431877144
610,11,-80.1907501221,26.9565868378,0.3597033671
610,12,-80.191619873,26.9589424133,0.275748639
610,13,-80.1953353882,26.9646778107,0.7364257308
610,14,-80.1981582642,26.9685173035,0.5104282884
610,15,-80.2006149292,26.9700260162,0.2956642613
610,16,-80.2030105591,26.9724597931,0.36000002
610,17,-80.2043914795,26.9748382568,0.2977804485
610,18,-80.206817627,26.9768104553,0.3254153115
610,19,-80.2097244263,26.9792671204,0.39697996
610,20,-80.2121505737,26.9812393188,0.325408332
610,21,-80.2150268555,26.9841575623,0.4318893964
610,22,-80.2206878662,26.9913730621,0.9789630947
610,23,-80.2231521606,26.9928855896,0.2964866898
610,24,-80.2256317139,26.993932724,0.2718724172
610,25,-80.2305450439,26.9969539642,0.5914761026
610,26,-80.2334518433,26.9994087219,0.3967966348
610,27,-80.2372283936,27.0042209625,0.652933488
610,28,-80.2391204834,27.0066261292,0.3265931828
610,29,-80.2428741455,27.0118961334,0.6940294682
610,30,-80.2452392578,27.014787674,0.3978354139
610,31,-80.2470855713,27.0181159973,0.4128196565
610,32,-80.2504348755,27.0215167999,0.5030642939
610,33,-80.2528076172,27.0244064331,0.3980979141
610,34,-80.2565307617,27.0301380157,0.7363294568
610,35,-80.2584228516,27.0325431824,0.3265683591
610,36,-80.2593002319,27.0348968506,0.2757661737
610,37,-80.2611694336,27.0377635956,0.3686279676
610,38,-80.2620162964,27.0405750275,0.3236730125
610,39,-80.263381958,27.0434169769,0.3437381264
610,40,-80.2652740479,27.0458221436,0.3265556499
610,41,-80.2661132813,27.0486354828,0.3236814495
610,42,-80.2669906616,27.050989151,0.2757622354
610,43,-80.2707748413,27.0557975769,0.652920768
610,44,-80.2716293335,27.0586128235,0.3242755489
610,45,-80.2724685669,27.0614261627,0.3236790409
610,46,-80.2738037109,27.0647258759,0.3900029049
610,47,-80.2746810913,27.0670795441,0.2757583134
610,48,-80.2750396729,27.0694065094,0.2611713701
610,49,-80.275894165,27.072221756,0.3242728668
610,50,-80.2767715454,27.0745754242,0.2757564995
610,51,-80.2781295776,27.077413559,0.3430352836
610,52,-80.2789840698,27.0802288055,0.3242713104
610,53,-80.2786712646,27.0852947235,0.5641550033
610,54,-80.279045105,27.0876216888,0.2613802029
610,55,-80.2798843384,27.0904350281,0.3236735137
610,56,-80.2813034058,27.0923538208,0.2554548874
610,57,-80.2836532593,27.0957050323,0.439283361
610,58,-80.2849502563,27.0994644165,0.4372963855
610,59,-80.2867889404,27.1027889252,0.4120441075
610,60,-80.2894973755,27.1084671021,0.6859423215
610,61,-80.2902984619,27.1122016907,0.4227692347
610,62,-80.2911529541,27.1150150299,0.3240596893
610,63,-80.2919692993,27.1182880402,0.3728026472
610,64,-80.2942657471,27.1225605011,0.5266423713
610,65,-80.2964172363,27.1291332245,0.7612371584
610,66,-80.297744751,27.1324310303,0.38952102
610,67,-80.2996139526,27.1352958679,0.3683636733
610,68,-80.3014526367,27.1386184692,0.4118280971
610,69,-80.3022689819,27.1418933868,0.3730060049
610,70,-80.304649353,27.1447811127,0.3982237808
610,71,-80.3071975708,27.1532211304,0.9717653115
610,72,-80.3088989258,27.1588478088,0.647906124
610,73,-80.3117904663,27.1617622375,0.4322705093
610,74,-80.3131484985,27.1646003723,0.342994229
610,75,-80.3150253296,27.1674633026,0.3685332142
610,76,-80.3178787231,27.1708374023,0.4695115264
610,77,-80.3187561035,27.1731891632,0.2755310867
610,78,-80.3207397461,27.1742095947,0.2266699079
610,79,-80.3231735229,27.1761779785,0.325371812
610,80,-80.3240509033,27.1785316467,0.2757310868
610,81,-80.3254318237,27.1809062958,0.2972882144
610,82,-80.3278961182,27.1824131012,0.2957860003
610,83,-80.329284668,27.1847915649,0.2980098846
610,84,-80.3312072754,27.1867332458,0.2877128036
610,85,-80.3320922852,27.1890850067,0.2757658142
610,86,-80.3345031738,27.1915130615,0.3602132702
610,87,-80.3358840942,27.1938896179,0.2974692998
610,88,-80.3377227783,27.1972122192,0.4117859232
610,89,-80.3385848999,27.2000255585,0.3242405135
610,90,-80.3394622803,27.2023773193,0.2755239231
610,91,-80.3419876099,27.2112751007,1.0204200523
610,92,-80.3449707031,27.221118927,1.1336343478
610,93,-80.3467636108,27.2253627777,0.5040956782
610,94,-80.3495407104,27.2301158905,0.5955932208
610,95,-80.3513641357,27.2338981628,0.4575810752
610,96,-80.3517303467,27.2362251282,0.2612676319
610,97,-80.353012085,27.240442276,0.4857454488
610,98,-80.3538665771,27.2432556152,0.3240343378
610,99,-80.3566665649,27.2475471497,0.5516667213
610,100,-80.3570327759,27.249874115,0.261267011
610,101,-80.3584518433,27.251789093,0.2549903254
610,102,-80.3620376587,27.2602748871,1.0079560739
610,103,-80.3629150391,27.2626266479,0.2755091699
610,104,-80.3638000488,27.2649784088,0.275746874
610,105,-80.3651046753,27.2687339783,0.4370556451
610,106,-80.3665008545,27.271112442,0.2983089285
610,107,-80.3691482544,27.2781658173,0.8267924589
610,108,-80.370475769,27.281463623,0.3894618634
610,109,-80.3713531494,27.2838134766,0.2753026576
610,110,-80.3717346191,27.2861404419,0.2614785249
610,111,-80.3725814819,27.2889499664,0.3234198989
610,112,-80.3724441528,27.2912521362,0.2563490724
610,113,-80.3733215332,27.2936038971,0.2755015477
610,114,-80.3736419678,27.2968502045,0.3623589541
610,115,-80.3735046387,27.2991523743,0.2563490197
610,116,-80.3746261597,27.3061313629,0.7839002037
610,117,-80.3753356934,27.3112430573,0.5727012828
610,118,-80.3756561279,27.314491272,0.3625697977
610,119,-80.3769454956,27.3187084198,0.4859192352
610,120,-80.377746582,27.3224391937,0.4223245681
610,121,-80.3774108887,27.3279628754,0.6150999722
610,122,-80.3777770996,27.330286026,0.2608432787
610,123,-80.3780975342,27.3335342407,0.3625693129
610,124,-80.3784408569,27.3363208771,0.31171013
610,125,-80.3783035278,27.3386211395,0.2561369822
610,126,-80.3791046143,27.3423538208,0.4225302319
610,127,-80.3794708252,27.3446788788,0.2610526846
610,128,-80.3803100586,27.347951889,0.3732621227
610,129,-80.3826904297,27.3508358002,0.3976240264
610,130,-80.3851013184,27.3532600403,0.3596657812
610,131,-80.3864974976,27.3556365967,0.2980722694
610,132,-80.3867645264,27.3598022461,0.4639491801
611,1,-82.4858932495,27.5357513428,208.0568499684
611,2,-82.4852752686,27.5294361115,0.704860455
611,3,-82.4815826416,27.4982948303,3.4818484474
611,4,-82.4381256104,27.3536643982,16.6442936348
611,5,-82.433631897,27.3221759796,3.529375283
611,6,-82.4399185181,27.2748584747,5.2980093982
611,7,-82.4421691895,27.1688270569,11.7922558565
611,8,-82.4325714111,27.1376342773,3.5961221189
611,9,-82.3968658447,27.0959777832,5.8261063276
611,10,-82.3370513916,27.073884964,6.4110038626
611,11,-82.2020339966,27.0748023987,13.368436565
611,12,-82.107093811,27.0537719727,9.6873381782
611,13,-82.0695571899,27.0243930817,4.9490291274
611,14,-82.0291900635,26.966129303,7.6137502751
611,15,-82.0082550049,26.9415740967,3.4294004242
611,16,-81.9418716431,26.8492851257,12.1920750762
611,17,-81.8815612793,26.7363433838,13.9123053926
611,18,-81.8474273682,26.6890239716,6.2594146164
611,19,-81.8293304443,26.6638183594,3.3299340149
611,20,-81.8257522583,26.6405849457,2.6077963878
611,21,-81.8191680908,26.5331096649,11.9686263357
611,22,-81.8004608154,26.4968452454,4.4412906701
611,23,-81.7929077148,26.4248981476,8.0354067258
611,24,-81.7549362183,26.3555431366,8.5894727038
611,25,-81.7482681274,26.2641601563,10.1830379221
611,26,-81.7168884277,26.150094986,13.0641068089
612,1,-81.7168884277,26.150094986,0
612,2,-81.7099761963,26.1466007233,0.7918257163
612,3,-81.3432617188,26.1514930725,36.6073415272
612,4,-80.7350463867,26.134979248,60.7392550429
612,5,-80.4488296509,26.1487159729,28.6110521987
613,1,-80.4488296509,26.1487159729,0
613,2,-80.2224502563,26.0971012115,23.3182694062
614,1,-80.2275085449,25.9968070984,11.1636394699
614,2,-80.2224502563,26.0971012115,11.1636394699
615,1,-80.1533508301,26.9029197693,89.8663855291
615,2,-80.1039428711,26.8629379272,6.6164111461
615,3,-80.1026229858,26.8027687073,6.6917936215
615,4,-80.1033935547,26.7903251648,1.3857709666
615,5,-80.0925827026,26.7601718903,3.5204665396
615,6,-80.0932235718,26.725522995,3.8533069157
615,7,-80.0894393921,26.6804656982,5.0242248168
615,8,-80.0918579102,26.6255455017,6.1115752024
615,9,-80.0894393921,26.5749931335,5.6263077373
615,10,-80.1011581421,26.46824646,11.9268150935
615,11,-80.1398544312,26.2679424286,22.6039710607
615,12,-80.1714935303,26.138961792,14.6852509514
615,13,-80.1700439453,26.088388443,5.6253620316
615,14,-80.1652450562,25.9690418243,13.2793979957
615,15,-80.1912689209,25.9384002686,4.2870399439
615,16,-80.2086105347,25.9346580505,1.7833069624
616,1,-80.2086105347,25.9346580505,0
616,2,-80.2131500244,25.9344272614,0.4546599996
616,3,-80.2160415649,25.9364299774,0.3649594389
616,4,-80.2199554443,25.9384841919,0.4531473498
616,5,-80.2223739624,25.9399986267,0.2946892883
616,6,-80.2237091064,25.9428482056,0.343834798
616,7,-80.2265853882,25.9453144073,0.3973828733
616,8,-80.2279434204,25.9477005005,0.2980488501
616,9,-80.228805542,25.9500617981,0.2763517605
616,10,-80.2301254272,25.9533729553,0.3911191641
616,11,-80.2318725586,25.9576339722,0.5049768954
616,12,-80.2327423096,25.9599971771,0.2767896695
616,13,-80.2336349487,25.9618968964,0.2293163056
616,14,-80.2338943481,25.9660816193,0.4660420192
616,15,-80.2334136963,25.9739360809,0.8746970163
616,16,-80.233215332,25.9771709442,0.3602465209
616,17,-80.2330780029,25.9794807434,0.25720455
616,18,-80.2319107056,25.9822025299,0.3243618498
616,19,-80.231262207,25.9844856262,0.2620135454
616,20,-80.2286758423,25.9940872192,1.098498857
616,21,-80.2275085449,25.9968070984,0.3241587679
617,1,-97.5028991699,25.8837547302,1726.1866783687
617,2,-97.5236968994,25.9297599792,5.5223261672
617,3,-97.5368881226,26.0188064575,9.9889355893
617,4,-97.6622161865,26.1870040894,22.5034089897
617,5,-97.7941360474,26.3321170807,20.8187011768
617,6,-97.7776489258,26.4904212952,17.6790375616
617,7,-97.7974319458,27.2555561066,85.1017334243
617,8,-97.8633956909,27.4897136688,26.8395051417
617,9,-97.7842407227,27.5886535645,13.4886447431
617,10,-97.6721115112,27.766746521,22.6732239565
617,11,-97.621963501,27.8837509155,13.9135558812
618,1,-80.2086105347,25.9346580505,1738.6678165752
618,2,-80.2049026489,25.8129959106,13.5332980725
618,3,-80.2038192749,25.7892894745,2.638265643
618,4,-80.2029953003,25.7614192963,3.1001205163
619,1,-80.4687957764,25.4523277283,43.4927736487
619,2,-80.4653320313,25.4516925812,0.3548691089
619,3,-80.4623413086,25.4515457153,0.3007221335
619,4,-80.4583206177,25.4518127441,0.4047808771
619,5,-80.4553070068,25.4521274567,0.304592473
619,6,-80.4518051147,25.4519538879,0.3521295584
619,7,-80.4437789917,25.4524879456,0.8080302547
619,8,-80.4402236938,25.4532394409,0.366610228
619,9,-80.4371261597,25.4549446106,0.3642378014
619,10,-80.4334945679,25.4570846558,0.4353926731
619,11,-80.4309310913,25.4583492279,0.2932759873
619,12,-80.4292678833,25.4610538483,0.34398694
619,13,-80.4266433716,25.4632453918,0.3589000783
619,14,-80.4244613647,25.4663848877,0.4121332639
619,15,-80.4207839966,25.4694519043,0.5025857191
619,16,-80.4196472168,25.4717178345,0.2765986624
619,17,-80.4174880981,25.4743938446,0.3681292916
619,18,-80.4168624878,25.4766845703,0.2623446909
619,19,-80.4141235352,25.4807262421,0.5268427498
619,20,-80.413482666,25.4830150604,0.2625090942
619,21,-80.4118041992,25.4861793518,0.3901093204
619,22,-80.4101638794,25.4884185791,0.298503329
619,23,-80.4085159302,25.4911231995,0.3432259888
619,24,-80.4058074951,25.4946994781,0.4817001303
619,25,-80.4046173096,25.4978904724,0.3743904526
619,26,-80.4034576416,25.500617981,0.3248509033
619,27,-80.4001617432,25.5055580139,0.6412109381
619,28,-80.3980102539,25.5082359314,0.3678148392
619,29,-80.3969116211,25.5100383759,0.2287468122
619,30,-80.3936691284,25.5140533447,0.5524429537
619,31,-80.3905334473,25.5162181854,0.3961826975
619,32,-80.3874359131,25.5179195404,0.3638780187
619,33,-80.3848342896,25.5196456909,0.3240307498
619,34,-80.3822784424,25.5204467773,0.2714981222
619,35,-80.3796157837,25.5230979919,0.3978631985
619,36,-80.3718032837,25.5282764435,0.9726728084
619,37,-80.3701705933,25.5305156708,0.2980500597
619,38,-80.3675384521,25.5327033997,0.3590629933
619,39,-80.3654022217,25.5349178314,0.3264532404
619,40,-80.362663269,25.5389575958,0.5265922691
619,41,-80.3577651978,25.5456733704,0.8939439064
619,42,-80.3581237793,25.5480117798,0.2624960302
619,43,-80.3589935303,25.5503730774,0.2766829446
619,44,-80.3593597412,25.5527133942,0.2628118221
619,45,-80.3601074219,25.5569267273,0.4744672824
619,46,-80.3604278564,25.5601921082,0.3645138401
619,47,-80.3630371094,25.5668201447,0.7820993703
619,48,-80.3643875122,25.5696716309,0.3447919327
619,49,-80.3667678833,25.571647644,0.3244757384
619,50,-80.3692169189,25.5726985931,0.2720248337
619,51,-80.3718490601,25.6391773224,7.3968078551
619,52,-80.3755722046,25.6871452332,5.3468255661
619,53,-80.361076355,25.7634143829,8.6041620537
619,54,-80.3574523926,25.782245636,2.1251509706
619,55,-80.3620605469,25.8409004211,6.5384064108
619,56,-80.3659820557,25.8767948151,4.0105164842
619,57,-80.3659591675,25.8944091797,1.9586293217
619,58,-80.3682479858,25.8982315063,0.4827654904
619,59,-80.3685836792,25.9010295868,0.3129390432
619,60,-80.367805481,25.905626297,0.5170237079
619,61,-80.3681564331,25.9084243774,0.3131062414
619,62,-80.3689346313,25.9121704102,0.4237493149
619,63,-80.3697509766,25.9154586792,0.3746436874
619,64,-80.3700332642,25.9191799164,0.4147447089
619,65,-80.3703918457,25.9215164185,0.262270492
619,66,-80.3706512451,25.925699234,0.4658307622
619,67,-80.3701934814,25.933555603,0.8747869278
619,68,-80.3689498901,25.9376659393,0.4736637411
619,69,-80.3687896729,25.9404392242,0.3087910777
619,70,-80.3681259155,25.9431877136,0.3127416275
619,71,-80.3673477173,25.9477825165,0.5168098439
619,72,-80.3666229248,25.9514541626,0.4146500824
619,73,-80.3659896851,25.9537410736,0.2620559718
619,74,-80.3658599854,25.9560508728,0.2571650908
619,75,-80.3642196655,25.9582881927,0.2979686605
619,76,-80.3619842529,25.9618835449,0.4580108758
619,77,-80.360824585,25.9646072388,0.3242925719
619,78,-80.3586578369,25.9672794342,0.3677078296
619,79,-80.3543319702,25.9721622467,0.6941154176
619,80,-80.3521881104,25.9743709564,0.3259545495
619,81,-80.3500213623,25.9770450592,0.3678686325
619,82,-80.3479003906,25.9787921906,0.287560428
619,83,-80.3452835083,25.9805145264,0.3241945489
619,84,-80.3394699097,25.9853229523,0.7896554765
619,85,-80.3363800049,25.9865589142,0.3380439208
619,86,-80.3337478638,25.9882793427,0.3252876216
619,87,-80.3301620483,25.989490509,0.3828729739
619,88,-80.3260650635,25.9906749725,0.4301520971
619,89,-80.3235244751,25.9910125732,0.2566893865
619,90,-80.3194274902,25.9921951294,0.4300821628
619,91,-80.3159103394,25.992017746,0.3520853021
619,92,-80.3133468628,25.992816925,0.2711870947
619,93,-80.3097991943,25.99310112,0.3559853797
619,94,-80.3067626953,25.9934120178,0.30545178
619,95,-80.2977294922,25.9929561615,0.9042645944
619,96,-80.2946929932,25.9932689667,0.3054762249
619,97,-80.2916793823,25.9931163788,0.3016792381
619,98,-80.2865982056,25.9937858582,0.5132749911
619,99,-80.2840957642,25.9936599731,0.2505021065
619,100,-80.2810440063,25.9939689636,0.3069418509
619,101,-80.2780075073,25.9942779541,0.3054256217
619,102,-80.2754745483,25.9946136475,0.2558963655
619,103,-80.2723999023,25.9953842163,0.3190192311
619,104,-80.2693634033,25.9956951141,0.3054459378
619,105,-80.2667999268,25.9964904785,0.2710408244
619,106,-80.2642593384,25.9968261719,0.2566460204
619,107,-80.2617492676,25.9966983795,0.25126886
619,108,-80.2592163086,25.9970340729,0.2558912057
619,109,-80.2562026978,25.9968795776,0.3016816131
619,110,-80.2531585693,25.9971885681,0.3061758441
619,111,-80.2481384277,25.9969329834,0.5025364736
619,112,-80.2451019287,25.9972419739,0.3054180231
619,113,-80.234588623,25.9962425232,1.056603775
619,114,-80.231552124,25.9965496063,0.305396023
619,115,-80.2275085449,25.9968070984,0.4051451017
620,1,-90.2319869995,38.6090888977,1685.9398171618
620,2,-90.2608718872,38.6116333008,2.5256630728
620,3,-90.2984695435,38.6027832031,3.4119476852
620,4,-90.361656189,38.5683670044,6.6939000576
620,5,-90.4062042236,38.5535430908,4.2095250168
620,6,-90.4261398315,38.547504425,1.8591151519
620,7,-90.5885162354,38.5062904358,14.8498790713
620,8,-90.6891021729,38.5076293945,8.7536151192
620,9,-90.7534866333,38.4893112183,5.9617427567
620,10,-90.810585022,38.4932518005,4.988700769
620,11,-90.8515014648,38.4801177979,3.8491119525
620,12,-90.8756942749,38.4531059265,3.6685067079
620,13,-90.9256973267,38.4257965088,5.3091983279
620,14,-90.952507019,38.3851394653,5.0887600247
620,15,-90.9866867065,38.3625221252,3.8990823452
620,16,-91.0050125122,38.3400878906,2.9625350318
620,17,-91.1113433838,38.292049408,10.7046915423
620,18,-91.1602859497,38.2261238098,8.4851977369
620,19,-91.26222229,38.1521720886,12.1237957189
620,20,-91.4142150879,38.0773620605,15.6847652742
620,21,-91.4580383301,38.0540008545,4.6331739075
620,22,-91.5186462402,38.04712677,5.3617339672
620,23,-91.6291809082,38.0085296631,10.5903014215
620,24,-91.673538208,37.9873504639,4.5446105393
620,25,-91.7635726929,37.9712104797,8.0928073709
620,26,-91.8229751587,37.9361686707,6.504523631
620,27,-91.8506698608,37.9442520142,2.5896525688
620,28,-91.935874939,37.943031311,7.4728738848
620,29,-92.0101699829,37.8952713013,8.4068982571
620,30,-92.0259552002,37.8613853455,4.0145802033
620,31,-92.0745239258,37.848110199,4.5124131388
620,32,-92.1018829346,37.8289260864,3.2128878109
620,33,-92.1522369385,37.8173980713,4.6047923438
620,34,-92.2348556519,37.7978935242,7.5753299313
620,35,-92.3427352905,37.7732429504,9.8685892107
620,36,-92.4143447876,37.7729225159,6.2940911593
620,37,-92.4622116089,37.760887146,4.4152245141
620,38,-92.5545654297,37.7540664673,8.1543355838
620,39,-92.641998291,37.6687469482,12.2130658324
620,40,-92.6570587158,37.6552734375,2.0005074499
620,41,-92.7341537476,37.5852470398,10.3313335832
620,42,-92.8045959473,37.562953949,6.6846334549
620,43,-92.8565063477,37.4780769348,10.4896592546
620,44,-92.8963699341,37.3726387024,12.2412520504
620,45,-92.9332275391,37.3298721313,5.764388134
620,46,-92.9743423462,37.304649353,4.5919100025
620,47,-93.0198059082,37.2983436584,4.0819612476
620,48,-93.0541381836,37.2773742676,3.8290709725
620,49,-93.1158676147,37.2723617554,5.4903181093
620,50,-93.1745910645,37.2533454895,5.6105225974
620,51,-93.240776062,37.2463302612,5.9098454857
620,52,-93.3171463013,37.2462158203,6.7599817282
620,53,-93.3447723389,37.2435264587,2.4636022327
620,54,-93.3661880493,37.2324104309,2.2631850664
620,55,-93.4037094116,37.2094345093,4.1910661079
620,56,-93.505279541,37.1847991943,9.4042236784
620,57,-93.6282119751,37.1806678772,10.9003099115
620,58,-93.6833877563,37.1633300781,5.255134702
620,59,-93.7645492554,37.1169281006,8.853153812
620,60,-93.8194503784,37.088684082,5.7938783353
620,61,-93.8665390015,37.0847434998,4.1998145837
620,62,-93.8855438232,37.0740737915,2.0615512914
620,63,-94.3093566895,37.0805892944,37.6050052276
620,64,-94.3527374268,37.081577301,3.849848147
620,65,-94.4803543091,37.0377922058,12.3262861992
620,66,-94.5228271484,37.0315818787,3.832768486
620,67,-94.5641860962,37.0070610046,4.5735426336
620,68,-94.6162261963,37.0014457703,4.6631130687
620,69,-94.6201553345,36.9983406067,0.4908823998
621,1,-94.6201553345,36.9983406067,0
621,2,-94.6218490601,36.9970016479,0.2116398029
621,3,-94.6916656494,36.9417572021,8.7296212172
621,4,-94.8103637695,36.8985900879,11.5923800769
621,5,-94.8331375122,36.8822135925,2.7235792652
621,6,-94.8460922241,36.8589401245,2.8328751526
621,7,-94.8860702515,36.7634048462,11.2033709775
621,8,-94.9116897583,36.7327728271,4.1002579254
621,9,-94.9883651733,36.6959571838,7.9668165854
621,10,-95.0733566284,36.6704216003,8.0933652288
621,11,-95.1249465942,36.6362686157,5.9667742373
621,12,-95.1800231934,36.601234436,6.2719636543
621,13,-95.2181015015,36.5619163513,5.5384435905
621,14,-95.2734146118,36.5127410889,7.3702452087
621,15,-95.3629760742,36.4639968872,9.6687009379
621,16,-95.4400787354,36.3729782104,12.2485844509
621,17,-95.4968948364,36.3410987854,6.2009762207
621,18,-95.5733947754,36.3135871887,7.5049341701
621,19,-95.6453094482,36.2367095947,10.7067729136
621,20,-95.7051544189,36.1984519958,6.8497907892
621,21,-95.7359542847,36.1644515991,4.6834774032
621,22,-95.7564849854,36.1585083008,1.9580211199
621,23,-95.8471298218,36.1586036682,8.1378618425
621,24,-95.8855361938,36.1340560913,4.3980792769
621,25,-95.8939971924,36.1252670288,1.2379581839
622,1,-83.2267379761,37.2764587402,1135.678856334
622,2,-83.2160949707,37.279083252,0.9858635917
622,3,-83.2149353027,37.2926559448,1.5126977187
622,4,-83.2105102539,37.2969703674,0.6191712014
622,5,-83.2026901245,37.300201416,0.7794622276
622,6,-83.1892929077,37.300868988,1.1873331115
622,7,-83.1751480103,37.3033065796,1.2801422836
622,8,-83.169631958,37.3066558838,0.613779073
622,9,-83.1611862183,37.3171234131,1.3829863645
622,10,-83.1534729004,37.3258018494,1.1817100356
622,11,-83.1490325928,37.3301124573,0.6195875402
622,12,-83.1389770508,37.3323173523,0.922255294
622,13,-83.1269226074,37.3307685852,1.0796235606
622,14,-83.119140625,37.3335418701,0.7539877138
622,15,-83.1123046875,37.3386306763,0.8279155864
622,16,-83.1031723022,37.3436050415,0.9786453492
622,17,-83.0914535522,37.3448028564,1.0444716173
622,18,-83.0872192383,37.3468513489,0.4381677152
622,19,-83.0777282715,37.3490715027,0.8745326345
622,20,-83.0706100464,37.3441467285,0.8341544079
622,21,-83.0612792969,37.3445587158,0.8261134137
622,22,-83.0530319214,37.3459434509,0.745144971
622,23,-83.0412063599,37.3416748047,1.1481024915
622,24,-83.0345458984,37.3381385803,0.7080439369
622,25,-83.0286941528,37.3387260437,0.5214453791
622,26,-83.021522522,37.3410720825,0.6855831012
622,27,-83.0159988403,37.3444137573,0.6136063212
622,28,-83.0034484863,37.3419151306,1.1437329713
622,29,-82.9893188477,37.3375205994,1.3413191781
622,30,-82.9731292725,37.3366470337,1.4345962056
622,31,-82.9636383057,37.3388633728,0.8745224008
622,32,-82.9584274292,37.3453979492,0.8603312175
622,33,-82.9537353516,37.3524131775,0.8834665421
622,34,-82.9493408203,37.356262207,0.5779731738
622,35,-82.9391860962,37.3593521118,0.9610372012
622,36,-82.9292068481,37.360622406,0.8932251111
622,37,-82.9194717407,37.3655471802,1.019861845
622,38,-82.9101333618,37.3727684021,1.1514241083
622,39,-82.892326355,37.3836097717,1.9821574976
622,40,-82.881690979,37.3921203613,1.3335843186
622,41,-82.8805923462,37.3979644775,0.6570436928
622,42,-82.881149292,37.4048080444,0.7625585552
622,43,-82.8843612671,37.4145393372,1.1186410959
622,44,-82.8839187622,37.419506073,0.5536567651
622,45,-82.8788528442,37.4242362976,0.6904988492
622,46,-82.8703308105,37.435131073,1.4261290011
622,47,-82.8629455566,37.4397239685,0.8282450735
622,48,-82.8521728516,37.4432258606,1.0277048357
622,49,-82.8478012085,37.4466247559,0.540172085
622,50,-82.8425369263,37.4536094666,0.9050754813
622,51,-82.835357666,37.4623069763,1.156235224
622,52,-82.8246841431,37.4712600708,1.3705720581
622,53,-82.819984436,37.4782714844,0.8830812228
622,54,-82.8191680908,37.4873161316,1.0082951349
622,55,-82.8232803345,37.4934577942,0.7733159053
622,56,-82.8290710449,37.5001373291,0.9014580564
622,57,-82.8342132568,37.5076980591,0.9552799681
622,58,-82.8378219604,37.5128898621,0.6592386593
622,59,-82.8401412964,37.5193786621,0.7499589431
622,60,-82.8356018066,37.5245895386,0.7042758431
622,61,-82.8302001953,37.5265579224,0.5242282541
622,62,-82.8179550171,37.5267982483,1.080175799
622,63,-82.8033676147,37.5273628235,1.2879189936
622,64,-82.7876968384,37.5269470215,1.3826971101
622,65,-82.7794723511,37.5278511047,0.7322061973
622,66,-82.774017334,37.5302810669,0.5517286196
622,67,-82.7701416016,37.5346031189,0.5897155366
622,68,-82.7650604248,37.5393295288,0.6906017602
622,69,-82.76197052,37.547794342,0.9798749353
622,70,-82.759223938,37.5526390076,0.5906165541
622,71,-82.7561798096,37.5606460571,0.9299017846
622,72,-82.753868103,37.5668830872,0.7228384688
622,73,-82.7507019043,37.5698852539,0.4350999154
622,74,-82.7434310913,37.5731201172,0.7348474945
622,75,-82.7373275757,37.5764122009,0.6506392709
622,76,-82.7289047241,37.5795822144,0.8217054017
622,77,-82.7261886597,37.5839691162,0.5433541313
622,78,-82.7256698608,37.5898475647,0.6552501942
622,79,-82.7282104492,37.5940818787,0.521336841
622,80,-82.7274017334,37.6031227112,1.0078163209
622,81,-82.7227935791,37.6092224121,0.7904535141
622,82,-82.7112503052,37.6144866943,1.1732424862
622,83,-82.7119140625,37.6199760437,0.6131811517
622,84,-82.7096557617,37.6253051758,0.6250602888
622,85,-82.7053070068,37.6282424927,0.5033406651
622,86,-82.7002716064,37.6320610046,0.613935041
622,87,-82.6975631714,37.6359977722,0.4985039028
622,88,-82.6964263916,37.6418457031,0.6579191773
622,89,-82.6999664307,37.6475067139,0.7024152675
622,90,-82.7045898438,37.6541252136,0.8410069807
622,91,-82.7079849243,37.6615905762,0.8822732385
622,92,-82.71043396,37.6667251587,0.6102807143
622,93,-82.7128753662,37.6718597412,0.6100385721
622,94,-82.7179412842,37.67395401,0.5030137066
622,95,-82.7260131836,37.6753082275,0.726192767
622,96,-82.732421875,37.6756591797,0.5653717583
622,97,-82.7429656982,37.6753349304,0.9286527279
622,98,-82.7498016357,37.6770744324,0.6319479907
622,99,-82.7548599243,37.6791687012,0.5023908876
623,1,-82.8338394165,37.8248405457,17.6235554634
623,2,-82.8332138062,37.8316192627,0.755758949
623,3,-82.8290863037,37.8445663452,1.4845771483
623,4,-82.8250427246,37.8502540588,0.7252888952
623,5,-82.810798645,37.8585624695,1.5548166184
623,6,-82.7999191284,37.8620491028,1.0307943688
623,7,-82.7925109863,37.872089386,1.2920135194
623,8,-82.788520813,37.8891181946,1.9256287701
623,9,-82.7816925049,37.8991737366,1.2685497377
623,10,-82.7751617432,37.9060783386,0.9580095865
623,11,-82.7667922974,37.913772583,1.1274367394
623,12,-82.7560653687,37.9154396057,0.9591000293
623,13,-82.7423629761,37.9174079895,1.2217739565
623,14,-82.7332687378,37.9205322266,0.8701028734
623,15,-82.7233505249,37.9258613586,1.05261177
623,16,-82.7089691162,37.9286880493,1.2999586639
623,17,-82.6962585449,37.9325065613,1.1929119806
623,18,-82.685295105,37.9364204407,1.0554118912
623,19,-82.6732940674,37.9389190674,1.0885123507
623,20,-82.6725463867,37.9465484619,0.8508797983
623,21,-82.6739120483,37.9565391541,1.1173489673
623,22,-82.6803970337,37.9623031616,0.8567582602
623,23,-82.6844863892,37.9683837891,0.7652931049
623,24,-82.681388855,37.975856781,0.8741935715
623,25,-82.674621582,37.9902992249,1.7119498969
623,26,-82.6737289429,38.0045928955,1.5913071706
623,27,-82.6707000732,38.016494751,1.34976742
623,28,-82.6611328125,38.0288734436,1.6115016907
623,29,-82.6522140503,38.0350341797,1.0389768293
623,30,-82.649307251,38.0402107239,0.6293870959
623,31,-82.6452255249,38.0453224182,0.6714448602
623,32,-82.6400909424,38.0494880676,0.6455288506
623,33,-82.6368942261,38.0578155518,0.9673530524
623,34,-82.6335983276,38.0616798401,0.5175905357
623,35,-82.6273193359,38.0662994385,0.7523534261
623,36,-82.6228561401,38.0706100464,0.61838632
623,37,-82.6192932129,38.0811157227,1.2090917153
623,38,-82.6203155518,38.0904197693,1.038424761
623,39,-82.6221237183,38.1034660339,1.4592819112
623,40,-82.6307983398,38.1084289551,0.9384103401
623,41,-82.6446456909,38.1143188477,1.3771918104
623,42,-82.6512451172,38.122177124,1.0472980509
623,43,-82.6547927856,38.1342277527,1.3754308822
623,44,-82.6575012207,38.1465606689,1.3916635073
623,45,-82.6591339111,38.1589508057,1.3850972678
623,46,-82.656211853,38.1676864624,1.004393025
623,47,-82.649230957,38.1747131348,0.9914071586
623,48,-82.6418380737,38.1789169312,0.7975596937
623,49,-82.6327056885,38.1830253601,0.9197092227
623,50,-82.6254272461,38.1863517761,0.7358641021
623,51,-82.6226577759,38.1937904358,0.861826667
623,52,-82.6243896484,38.2043075562,1.1792021489
623,53,-82.6289596558,38.2153968811,1.2961131132
623,54,-82.6350708008,38.2283554077,1.5366375229
623,55,-82.6383285522,38.2392272949,1.241933813
623,56,-82.6354751587,38.2450790405,0.6967697796
623,57,-82.6291275024,38.2502593994,0.7994223772
623,58,-82.6188659668,38.2529029846,0.9430357011
623,59,-82.6050033569,38.2562637329,1.2668244405
623,60,-82.5966949463,38.2631759644,1.0568768027
623,61,-82.5933380127,38.2735748291,1.1928615447
623,62,-82.5945358276,38.2851333618,1.2894959396
623,63,-82.5969543457,38.2958259583,1.2075531086
623,64,-82.5956192017,38.3081321716,1.3733392338
623,65,-82.5954742432,38.3195800781,1.2730119479
623,66,-82.5987854004,38.3266181946,0.834207122
623,67,-82.6060638428,38.331111908,0.8079354965
623,68,-82.6120529175,38.3377876282,0.9076874608
623,69,-82.6133041382,38.3508911133,1.4611213336
623,70,-82.6157073975,38.3598594666,1.0190152313
624,1,-82.7548599243,37.6791687012,76.6646118008
624,2,-82.7600784302,37.6858215332,0.8707131103
624,3,-82.7634963989,37.6928253174,0.8348418272
624,4,-82.7628173828,37.7000694275,0.807720752
624,5,-82.7604370117,37.7067642212,0.7733217617
624,6,-82.7593765259,37.7117004395,0.5567539212
624,7,-82.7575759888,37.7184257507,0.7644079014
624,8,-82.754737854,37.7237281799,0.6402704096
624,9,-82.7520217896,37.7276649475,0.4986841321
624,10,-82.7518157959,37.7299308777,0.2526103943
624,11,-82.7536697388,37.7350349426,0.5904999193
624,12,-82.7624588013,37.740978241,1.0168889326
624,13,-82.7707977295,37.7455215454,0.890419619
624,14,-82.7757415771,37.7489700317,0.5796430322
624,15,-82.7766189575,37.7522010803,0.3674640897
624,16,-82.7756652832,37.7562408447,0.4569589248
624,17,-82.7735595703,37.7602081299,0.4784076309
624,18,-82.7795562744,37.7650794983,0.7558365613
624,19,-82.7913284302,37.7707252502,1.2103081371
624,20,-82.7991638184,37.7747840881,0.8233910359
624,21,-82.8074951172,37.7797813416,0.9191948342
624,22,-82.8144989014,37.7865257263,0.9701824707
624,23,-82.8195953369,37.7949790955,1.0412027766
624,24,-82.8185653687,37.7999229431,0.5571298811
624,25,-82.8206481934,37.8027610779,0.3648043948
624,26,-82.8282928467,37.8086280823,0.9363067396
624,27,-82.83253479,37.8134002686,0.6484192259
624,28,-82.8339004517,37.8175697327,0.4788922443
624,29,-82.8338394165,37.8248405457,0.8084952954
625,1,-68.7805862427,44.8297195435,1405.3524023862
625,2,-68.7506713867,44.833694458,2.4000537788
625,3,-68.7025680542,44.8797874451,6.3753726024
625,4,-68.698348999,44.8924255371,1.4440662409
625,5,-68.712852478,44.9295692444,4.2852008515
625,6,-68.7007369995,44.9930953979,7.1278147804
625,7,-68.6893081665,45.0397377014,5.2636161278
625,8,-68.7045288086,45.1418685913,11.4191209505
625,9,-68.6874389648,45.2349700928,10.4386871369
625,10,-68.6630935669,45.3044662476,7.9590051558
625,11,-68.6005401611,45.3738098145,9.1300671518
626,1,-68.6005401611,45.3738098145,9.49352979660034E-005
626,2,-68.5989379883,45.3755874634,0.2339517998
626,3,-68.5509262085,45.558139801,20.6413054757
626,4,-68.528503418,45.6012001038,5.0961910107
626,5,-68.4170761108,45.7949981689,23.2220225434
626,6,-68.4051055908,45.875164032,8.9621483162
626,7,-68.3121566772,45.9666442871,12.4565845515
626,8,-68.2746047974,46.0370559692,8.3494169014
626,9,-68.2094116211,46.0920753479,7.9200579905
626,10,-68.1759414673,46.1067008972,3.0503551781
626,11,-68.0595703125,46.1512107849,10.2429076861
626,12,-67.9519577026,46.1414260864,8.3613462938
626,13,-67.8295593262,46.1423492432,9.4306390339
626,14,-67.6110992432,46.1839447021,17.4487426379
627,1,-67.4326934814,45.5689544678,69.7645038313
627,2,-67.4795150757,45.539855957,4.8744013251
627,3,-67.5277328491,45.5519065857,3.9868381627
627,4,-67.543800354,45.5358352661,2.181573122
627,5,-67.583984375,45.503692627,4.751393593
627,6,-67.7446975708,45.4193191528,15.6564663809
627,7,-67.8732681274,45.3911933899,10.5132634439
627,8,-68.0741653442,45.4152984619,15.9116979224
627,9,-68.2911300659,45.3670845032,17.7703346449
627,10,-68.6005401611,45.3738098145,24.1816417476
628,1,-68.7805862427,44.8297195435,62.1284622974
628,2,-68.7201538086,44.7940101624,6.2042294435
628,3,-68.5884552002,44.7161865234,13.5287759357
628,4,-68.5241622925,44.619758606,11.8666836269
628,5,-68.3835372925,44.5273475647,15.1546348414
628,6,-68.3071975708,44.5474357605,6.4497498282
628,7,-68.2228240967,44.5273475647,7.0505408373
628,8,-68.1705932617,44.5273475647,4.1404751853
628,9,-68.0661239624,44.479133606,9.8682726525
628,10,-67.9777297974,44.5152931213,8.0819944437
628,11,-67.9214859009,44.5152931213,4.4595236737
628,12,-67.8853225708,44.5715446472,6.8802154198
628,13,-67.7286224365,44.6478843689,15.0308502091
628,14,-67.5277328491,44.6840438843,16.3879917189
628,15,-67.4313049316,44.732257843,9.3172578754
628,16,-67.3388900757,44.7443122864,7.4214367586
628,17,-67.1982650757,44.7684211731,11.4228197822
628,18,-67.1821899414,44.8246688843,6.3817824182
628,19,-67.2384414673,44.9130630493,10.7824030709
628,20,-67.2384414673,44.9251174927,1.3403929436
628,21,-67.210319519,44.9291343689,2.2585524793
628,22,-67.170135498,44.9411888123,3.4353918227
628,23,-67.0978164673,44.9612770081,6.1137069593
628,24,-67.1259384155,45.0577087402,10.9482513211
628,25,-67.1781768799,45.1380653381,9.8311335087
628,26,-67.2223739624,45.2023506165,7.9436186005
628,27,-67.2223739624,45.2586021423,6.254884294
629,1,-97.3070220947,32.9126205444,2913.1755995343
629,2,-97.3276977539,32.9153862,1.9543517389
629,3,-97.3483352661,32.919506073,1.9800910822
629,4,-97.3720779419,32.9287071228,2.4408238145
629,5,-97.3968200684,32.941116333,2.6899209939
629,6,-97.4155883789,32.9524726868,2.1590910907
629,7,-97.4148483276,32.9583778381,0.6602434178
629,8,-97.4144592285,32.9702148438,1.316715449
629,9,-97.4184036255,32.9835090637,1.5233510823
629,10,-97.4244995117,32.9977645874,1.684016049
629,11,-97.4442977905,33.0287094116,3.904826354
629,12,-97.4633178711,33.0500831604,2.9650972743
629,13,-97.4669876099,33.0551681519,0.6608205308
629,14,-97.4679489136,33.0592880249,0.4667869264
629,15,-97.4675979614,33.0702171326,1.2157013059
629,16,-97.4651641846,33.094745636,2.7368546368
629,17,-97.4655685425,33.0993118286,0.5091327456
629,18,-97.4685897827,33.1075706482,0.9604905787
629,19,-97.4779663086,33.122795105,1.9048508208
629,20,-97.4889297485,33.1398849487,2.1571631377
629,21,-97.4964599609,33.1446075439,0.8759593266
629,22,-97.5546340942,33.1954841614,7.830840764
629,23,-97.563293457,33.199306488,0.9109544511
629,24,-97.5751571655,33.2059364319,1.327362494
629,25,-97.5837478638,33.2120361328,1.0482366992
629,26,-97.5885009766,33.2180519104,0.8018576294
629,27,-97.5905075073,33.2240104675,0.6883501902
629,28,-97.5936050415,33.2304534912,0.772195334
629,29,-97.5976791382,33.2410049438,1.2329373848
629,30,-97.6126480103,33.2722740173,3.7452029059
629,31,-97.6296005249,33.2926483154,2.7596832168
629,32,-97.6635513306,33.3329429626,5.4798215169
629,33,-97.6832733154,33.3538246155,2.9576346491
629,34,-97.69506073,33.3640670776,1.5797462971
629,35,-97.7019882202,33.3714904785,1.0465291826
629,36,-97.71043396,33.3834915161,1.547831603
629,37,-97.7134933472,33.3917388916,0.9600482961
629,38,-97.7189025879,33.39503479,0.6216914372
629,39,-97.7475357056,33.4320068359,4.8953175977
629,40,-97.7598190308,33.444984436,1.8388693843
629,41,-97.7712402344,33.4497642517,1.1854811906
629,42,-97.782081604,33.4554328918,1.1869919356
629,43,-97.7885971069,33.4587364197,0.7073086574
629,44,-97.7983169556,33.4653015137,1.1601264147
629,45,-97.806388855,33.4718208313,1.0421600947
629,46,-97.8138656616,33.4801597595,1.1578806896
629,47,-97.8197174072,33.4875450134,0.9843245323
629,48,-97.8255157471,33.4967575073,1.1569242495
629,49,-97.8291625977,33.5041046143,0.8841773997
629,50,-97.8311386108,33.5123329163,0.9331075361
629,51,-97.8341827393,33.5219459534,1.1055465046
629,52,-97.8360061646,33.5356292725,1.530874676
629,53,-97.8356933594,33.5469970703,1.2643738552
629,54,-97.8355407715,33.5524520874,0.6067350175
629,55,-97.834777832,33.5601768494,0.8618587872
629,56,-97.8374557495,33.562953949,0.3961383916
629,57,-97.842880249,33.5662345886,0.6210345028
629,58,-97.8477706909,33.5685997009,0.5238980142
629,59,-97.8653259277,33.5716590881,1.661665255
629,60,-97.8778839111,33.5759849548,1.2589464991
629,61,-97.9024276733,33.5855407715,2.5096996848
629,62,-98.0063934326,33.6374206543,11.2236766844
629,63,-98.0558624268,33.6664657593,5.6033010986
629,64,-98.0623550415,33.6715812683,0.8273850928
629,65,-98.0874328613,33.7065696716,4.5298643864
629,66,-98.1171569824,33.7561759949,6.1629171091
629,67,-98.1181640625,33.7602844238,0.4662266781
629,68,-98.1208877563,33.7616920471,0.2964718702
629,69,-98.123588562,33.7644729614,0.3974318141
629,70,-98.1306686401,33.7686767578,0.8042533185
629,71,-98.1895675659,33.8019065857,6.5789149982
629,72,-98.191078186,33.8083000183,0.724489134
629,73,-98.2156600952,33.8209533691,2.671536555
629,74,-98.2254714966,33.8270225525,1.1299895259
629,75,-98.2320175171,33.8312110901,0.7632331772
629,76,-98.2462387085,33.8377952576,1.5037815751
629,77,-98.3202514648,33.8675422668,7.5929945325
629,78,-98.3350524902,33.8736686707,1.5268925761
629,79,-98.3411102295,33.8751220703,0.5821382621
629,80,-98.3543395996,33.8771286011,1.2415346974
629,81,-98.3758239746,33.8815231323,2.0426506141
629,82,-98.4038696289,33.8901023865,2.7590243248
629,83,-98.4317321777,33.8957862854,2.6482584207
629,84,-98.4468536377,33.8988685608,1.4371179006
629,85,-98.4507141113,33.8993759155,0.3607376182
629,86,-98.4573364258,33.9003753662,0.6212167738
629,87,-98.4661331177,33.9032211304,0.871345593
629,88,-98.4721679688,33.9060287476,0.6384765605
629,89,-98.4770812988,33.9092712402,0.5793017927
629,90,-98.4836578369,33.9125404358,0.7074340747
629,91,-98.4912109375,33.9226455688,1.3222378454
629,92,-98.5004501343,33.9318580627,1.3326728854
629,93,-98.5036468506,33.9382705688,0.7716200161
629,94,-98.5068511963,33.9442138672,0.7239606853
629,95,-98.5111236572,33.952457428,0.9977694362
629,96,-98.5132675171,33.9561157227,0.4522976847
629,97,-98.5196609497,33.9693870544,1.5891427002
629,98,-98.5249710083,33.9817314148,1.4573497524
629,99,-98.5313644409,33.9949913025,1.587895151
629,100,-98.5349655151,34.0100402832,1.7059782756
629,101,-98.5386199951,34.0219116211,1.3623275487
629,102,-98.5405731201,34.0360298157,1.5801557436
629,103,-98.5424880981,34.0519638062,1.7805425203
629,104,-98.5438690186,34.0669784546,1.674392089
629,105,-98.5453948975,34.0747261047,0.8728884199
629,106,-98.5473022461,34.0911140442,1.8307023774
629,107,-98.5427856445,34.0956001282,0.6494667574
629,108,-98.5310058594,34.1022758484,1.314338228
629,109,-98.5141296387,34.1143302917,2.0520171543
629,110,-98.5067672729,34.1224212646,1.1263931055
629,111,-98.5016021729,34.1309890747,1.0647381667
629,112,-98.4986495972,34.1404953003,1.0914158085
629,113,-98.4939422607,34.1540756226,1.5709692582
629,114,-98.4909973145,34.1626663208,0.9929316363
629,115,-98.4829864502,34.1748390198,1.5411877976
629,116,-98.4726333618,34.1933326721,2.2662089469
629,117,-98.4565887451,34.2181243896,3.1267398135
629,118,-98.445640564,34.2375221252,2.3802248587
629,119,-98.4382095337,34.2478790283,1.3389699052
629,120,-98.4244003296,34.2708702087,2.8541751811
629,121,-98.4169540405,34.2816734314,1.3824454647
629,122,-98.414024353,34.2889022827,0.8476799821
629,123,-98.4111251831,34.2947769165,0.7054392101
629,124,-98.4090957642,34.3665504456,7.9830276069
629,125,-98.4061965942,34.4805603027,12.6801063593
629,126,-98.4055786133,34.5105400085,3.3340722277
629,127,-98.4057846069,34.5278129578,1.9207570402
629,128,-98.4056777954,34.5600700378,3.5868369935
629,129,-98.404335022,34.5709457397,1.215557192
629,130,-98.4008560181,34.5772628784,0.7712801162
629,131,-98.3923492432,34.5835113525,1.0436808701
629,132,-98.3833465576,34.587020874,0.9118717092
629,133,-98.3737792969,34.5905189514,0.9582878179
629,134,-98.3664169312,34.5954170227,0.8664912064
629,135,-98.3646697998,34.5990219116,0.431567741
629,136,-98.3644180298,34.6108322144,1.3134478931
629,137,-98.3648605347,34.6162872314,0.6079204769
629,138,-98.3692321777,34.6208953857,0.650069077
629,139,-98.3786392212,34.6251144409,0.9803179906
629,140,-98.3824615479,34.6292572021,0.5783757707
629,141,-98.3785552979,34.6823501587,5.9144693122
629,142,-98.3795776367,34.6869087219,0.5154363707
629,143,-98.3839187622,34.6933288574,0.8168034486
629,144,-98.3871383667,34.6997299194,0.7702259752
629,145,-98.3913879395,34.7102432251,1.2318796528
629,146,-98.3918075562,34.7170562744,0.7585467902
629,147,-98.3876190186,34.7301712036,1.5077181295
629,148,-98.3830108643,34.7364730835,0.8175312607
629,149,-98.3761520386,34.7436408997,1.0139152457
629,150,-98.3636169434,34.7543678284,1.6535835697
629,151,-98.345993042,34.7672958374,2.1583473743
629,152,-98.3244171143,34.7815246582,2.5272046988
629,153,-98.3130569458,34.7890853882,1.3353329265
629,154,-98.3051071167,34.794418335,0.9373645095
629,155,-98.297203064,34.7974815369,0.7980722715
629,156,-98.2813873291,34.8036117554,1.596882803
629,157,-98.2650756836,34.8070030212,1.5362806124
629,158,-98.2351913452,34.8161010742,2.9098097214
629,159,-98.2233047485,34.8218269348,1.2580874815
629,160,-98.2168502808,34.834438324,1.5210507642
629,161,-98.2105331421,34.8411560059,0.9435909357
629,162,-98.2048721313,34.8437957764,0.5941908536
629,163,-98.197555542,34.8450508118,0.6821281187
629,164,-98.1812744141,34.8466148376,1.4959079018
629,165,-98.1745147705,34.848323822,0.6454588985
629,166,-98.1654586792,34.8522720337,0.9357629496
629,167,-98.0390396118,34.932434082,14.5737825996
629,168,-98.0293121338,34.9399871826,1.2213325189
629,169,-98.0218429565,34.9471359253,1.0465968751
629,170,-97.9420471191,35.015247345,10.498179813
629,171,-97.9311599731,35.0232315063,1.3308328752
629,172,-97.9150695801,35.0370292664,2.1213917964
629,173,-97.9092788696,35.0432815552,0.8725051072
629,174,-97.9028930664,35.0508842468,1.0259634471
629,175,-97.8990783691,35.0671615601,1.8429575971
629,176,-97.8914871216,35.0774765015,1.3389548039
629,177,-97.8581314087,35.1050300598,4.3124435214
629,178,-97.8304595947,35.1295013428,3.7066157146
629,179,-97.8086090088,35.1463470459,2.7306658625
629,180,-97.7816085815,35.1658248901,3.2735532208
629,181,-97.7390670776,35.1968040466,5.1782708121
629,182,-97.7229309082,35.2096595764,2.0476495275
629,183,-97.7027511597,35.2256126404,2.550936055
629,184,-97.6775360107,35.2401046753,2.8002981273
629,185,-97.6592102051,35.2501869202,2.0065927737
629,186,-97.617515564,35.2688713074,4.3183267878
629,187,-97.5992279053,35.277130127,1.8972333808
629,188,-97.5939865112,35.2824707031,0.7609308074
629,189,-97.4738693237,35.4733810425,23.858637878
630,1,-82.3808746338,42.9900169373,1541.8539043219
630,2,-82.4869232178,42.97423172,8.8034326974
630,3,-82.5055084229,42.9396629333,4.1307262962
630,4,-82.507019043,42.9123878479,3.0353441155
630,5,-82.5360946655,42.8793067932,4.3750231892
630,6,-82.7943649292,42.6863822937,30.0740870111
630,7,-82.8382873535,42.6325798035,6.977883635
630,8,-82.8574371338,42.5634078979,7.8496571245
630,9,-82.8923492432,42.5310173035,4.5990801669
630,10,-82.9161834717,42.4834823608,5.6351693389
630,11,-82.9212265015,42.4304504395,5.9113758751
630,12,-83.0069885254,42.3924102783,8.2137314897
630,13,-83.0238113403,42.385509491,1.5803907465
630,14,-83.0620574951,42.3623657227,4.0612308435
630,15,-83.0762252808,42.3571510315,1.3005178764
630,16,-83.1070709229,42.3463783264,2.8035501862
631,1,-83.1070709229,42.3463783264,0
631,2,-83.0867843628,42.3303489685,2.4407301472
631,3,-83.0444107056,42.2812614441,6.475760091
632,1,-111.6508636475,35.1772193909,2589.9356626738
632,2,-111.6615753174,35.1778831482,0.9763502746
632,3,-111.7047271729,35.1887016296,4.1020403314
632,4,-111.7311630249,35.203994751,2.9431272828
632,5,-111.8275604248,35.2534484863,10.3393917858
632,6,-111.8922653198,35.2663955688,6.0487214772
632,7,-111.9993515015,35.2528305054,9.8392609456
632,8,-112.0675430298,35.2674484253,6.4012602269
632,9,-112.136390686,35.270198822,6.2578332908
632,10,-112.1539611816,35.2724571228,1.6147385215
632,11,-112.204460144,35.26745224,4.618154465
632,12,-112.2153701782,35.2453536987,2.6494130498
632,13,-112.2456665039,35.2290916443,3.2925270615
632,14,-112.4373779297,35.2213783264,17.4350461979
632,15,-112.4572067261,35.2239761353,1.8242041699
632,16,-112.5474090576,35.2258377075,8.1960973138
632,17,-112.5832748413,35.2338294983,3.3766836925
632,18,-112.6300354004,35.2578125,5.0143268498
632,19,-112.6774902344,35.2604217529,4.318475203
632,20,-112.7270507813,35.2829399109,5.1490229455
632,21,-112.757019043,35.2847175598,2.7273462661
632,22,-112.8590393066,35.3178062439,9.9625315407
632,23,-112.9006500244,35.3241386414,3.840312485
632,24,-112.9416809082,35.3213920593,3.7350267684
632,25,-113.3391342163,35.2183418274,37.8581830229
632,26,-113.614112854,35.1729240417,25.4918057043
632,27,-113.6921463013,35.1785087585,7.1195569883
632,28,-113.7427444458,35.1769104004,4.6021616164
632,29,-113.8701477051,35.2139472961,12.2875176874
632,30,-113.9276733398,35.2147483826,5.2267508683
632,31,-114.0074920654,35.2291488647,7.4252691915
632,32,-114.0334091187,35.2289543152,2.3541415943
632,33,-114.061050415,35.2036743164,3.7692347752
632,34,-114.1146774292,35.1289634705,9.632064804
632,35,-114.1162338257,35.0847511292,4.9182262848
632,36,-114.1530075073,34.9202766418,18.5929119788
632,37,-114.134765625,34.8992614746,2.8683526713
632,38,-114.1338729858,34.8774719238,2.4242550652
632,39,-114.1514968872,34.8057250977,8.1383976995
632,40,-114.1877593994,34.7699661255,5.1746052183
632,41,-114.2422485352,34.739238739,6.0377678617
632,42,-114.452796936,34.7250404358,19.3051474902
632,43,-114.4734725952,34.7167282104,2.1035887711
632,44,-114.5247955322,34.7205810547,4.7103181544
632,45,-114.5429840088,34.72914505,1.9157056256
632,46,-114.5692749023,34.7646827698,4.6244304453
632,47,-114.594909668,34.8224143982,6.8329362115
632,48,-114.5987319946,34.8434028625,2.3597418612
632,49,-114.6783752441,34.8959083557,9.3209096267
632,50,-114.7136383057,34.8979530334,3.224022593
632,51,-114.7537918091,34.8864364624,3.8796549363
632,52,-114.8160629272,34.8840179443,5.6863062237
632,53,-114.890045166,34.8635787964,7.1214822417
632,54,-114.9337768555,34.8625411987,3.9916476347
632,55,-115.0446395874,34.8217391968,11.0881302257
632,56,-115.1170425415,34.8160705566,6.639413476
632,57,-115.3281860352,34.8134231567,19.2778059939
632,58,-115.3726348877,34.803150177,4.2158181662
632,59,-115.530670166,34.7361946106,16.2420058242
632,60,-115.6103668213,34.7217140198,7.4590429488
632,61,-115.6847991943,34.7193565369,6.8078365386
632,62,-116.0325012207,34.7277793884,31.7910364098
632,63,-116.0748214722,34.7431030273,4.2259240954
632,64,-116.128036499,34.7380332947,4.8950070128
632,65,-116.2739334106,34.74451828,13.35047048
632,66,-116.3101882935,34.7565460205,3.572148981
632,67,-116.3585968018,34.7881584167,5.648564378
632,68,-116.5040206909,34.8015785217,13.3627182246
632,69,-116.6589660645,34.8275604248,14.4372120535
632,70,-116.6740951538,34.8239746094,1.4373786722
632,71,-116.8448410034,34.8438453674,15.7398366487
632,72,-116.9921569824,34.8766136169,13.9263455728
632,73,-117.0084075928,34.8861503601,1.8225955586
633,1,-83.8202819824,32.9573135376,3055.8199032748
633,2,-83.7435379028,32.9311561584,7.72947798
633,3,-83.7102279663,32.9090080261,3.9663657897
633,4,-83.6342315674,32.8376426697,10.6462604577
633,5,-83.5732650757,32.818157196,6.0946872529
633,6,-83.5564575195,32.8086624146,1.8925604473
633,7,-83.4061737061,32.6533126831,22.2711850267
633,8,-83.344909668,32.6091003418,7.5552651178
633,9,-83.1664199829,32.5444869995,18.2025245361
633,10,-83.1141662598,32.5163078308,5.8151304115
633,11,-82.932975769,32.4851341248,17.3420218928
633,12,-82.8286361694,32.4713783264,9.9062206532
633,13,-82.7302398682,32.4396057129,9.8851523651
633,14,-82.6700744629,32.427822113,5.7965494327
633,15,-82.6311264038,32.4328384399,3.6977214195
633,16,-82.5069961548,32.4247169495,11.6851975847
633,17,-82.4385375977,32.4243888855,6.4255853308
633,18,-82.313331604,32.3964767456,12.1564823713
633,19,-82.2122497559,32.3738861084,9.8183958054
633,20,-82.0322952271,32.3631324768,16.9431631559
633,21,-81.8724365234,32.304359436,16.3795610163
633,22,-81.7595443726,32.2756347656,11.0820377845
633,23,-81.649055481,32.2280731201,11.6587469328
633,24,-81.5371322632,32.2118721008,10.6818132087
633,25,-81.4660720825,32.1768035889,7.7405917958
633,26,-81.3750228882,32.1086540222,11.441625487
633,27,-81.2646102905,32.0702819824,11.2427026921
634,1,-83.8202819824,32.9573135376,259.1308607312
634,2,-83.813041687,32.9320411682,2.8902356381
634,3,-83.7526245117,32.8574981689,10.0262049078
634,4,-83.7279968262,32.798614502,6.9401631929
634,5,-83.710723877,32.7563438416,4.9699513987
634,6,-83.7372665405,32.6825523376,8.5727340535
634,7,-83.7443237305,32.4621353149,24.5181744063
634,8,-83.7491378784,32.4373550415,2.7922232461
634,9,-83.7649230957,32.3342323303,11.5621243248
634,10,-83.763633728,32.3069114685,3.040356277
634,11,-83.7594451904,32.2755813599,3.5059262022
634,12,-83.7416152954,32.2424201965,4.0506116924
634,13,-83.7326812744,32.2021217346,4.5591143659
634,14,-83.7564926147,32.0745048523,14.3663675011
634,15,-83.7491149902,31.9515514374,13.6894800882
634,16,-83.7013626099,31.8199062347,15.3168712511
634,17,-83.5118713379,31.5301265717,36.875568267
634,18,-83.5053863525,31.5042953491,2.9373452871
634,19,-83.5154418945,31.488451004,2.0032324346
634,20,-83.5318984985,31.4472827911,4.8364574884
634,21,-83.5296936035,31.4336509705,1.5301543755
634,22,-83.5116500854,31.4136657715,2.8052900071
634,23,-83.4648513794,31.1990585327,24.2738938999
634,24,-83.365272522,30.9004383087,34.5334996254
634,25,-83.3207092285,30.8144512177,10.4648772954
634,26,-83.2882156372,30.7614612579,6.659766354
634,27,-83.2139205933,30.6687030792,12.5230415763
634,28,-83.1667327881,30.6252002716,6.6164220422
634,29,-83.1639328003,30.6233692169,0.3365051776
634,30,-83.1270980835,30.5992012024,4.4325897274
634,31,-83.0577774048,30.5199337006,11.0338111848
634,32,-83.0335083008,30.4974346161,3.4153305405
634,33,-82.9252929688,30.4473800659,11.7700562798
634,34,-82.8144607544,30.3500156403,15.1724408004
634,35,-82.8074493408,30.3379459381,1.5013010724
634,36,-82.8041915894,30.2769947052,6.7846794572
